112
808 751 823 -6 -21 -18 -33 -3 -51 -12 -21 -30 -18 -36 -36 -9 -147 -42 -27 -15 -30 -15 -24 -45 -42 -33 -45 -39 -15 -18 -36 -30 -15 -21 -18 -21 -30 -27 -15 -12 -24 -21 -84 -21 -18 -9 -15 -30 -15 -45 -84 -21 -18 -39 -9 -12 -9 -6 -39 -15 -6 -6 -15 -3 -18 -21 -12 -36 -6 -36 -18 -21 -21 -3 -30 -36 -9 -9 -39 -24 -18 -3 -15 -18 -6 -6 -30 -18 -21 -3 -3 -18 -6 -9 -3 -9 -3 -15 -6 -9 -6 -30 -27 -63 -21 -18 -6 -12 -3 -6 -3 
388 -126 -28 -98 -84 -154 -14 612 -56 -98 -140 -84 682 -168 -42 164 654 724 -70 -140 -70 -112 -210 -196 -154 -210 668 -70 -84 -168 -140 -70 -98 -84 -98 -140 -126 -70 -56 738 -98 -392 -98 766 808 -70 -140 -70 -210 458 -98 -84 -182 -42 -56 -42 -28 -182 -70 -28 -28 -70 -14 -84 -98 -56 -168 -28 -168 -84 -98 -98 -14 -140 -168 -42 -42 -182 -112 -84 -14 -70 -84 -28 -28 -140 -84 -98 -14 836 -84 -28 -42 -14 -42 -14 -70 -28 -42 -28 710 -126 -294 -98 -84 -28 -56 -14 -28 -14 
553 -66 -231 -198 -363 -33 289 -132 619 -330 -198 454 -396 -99 -767 -462 -297 -165 520 685 586 355 388 487 355 -429 -165 -198 454 -330 -165 619 -198 619 -330 -297 -165 -132 586 619 -924 -231 652 -99 -165 -330 -165 355 -74 -231 -198 421 -99 -132 -99 -66 -429 -165 -66 -66 -165 -33 -198 619 -132 -396 -66 -396 -198 -231 619 -33 -330 -396 -99 -99 -429 -264 -198 -33 685 -198 -66 -66 -330 -198 -231 -33 -33 -198 784 -99 -33 -99 817 685 -66 -99 -66 520 -297 157 619 -198 -66 -132 -33 -66 817 
-18 -63 -54 -99 -9 697 814 -63 -90 -54 -108 -108 -27 -441 724 -81 -45 -90 -45 -72 -135 -126 -99 -135 -117 -45 -54 -108 -90 -45 -63 -54 -63 -90 -81 -45 -36 778 -63 598 -63 -54 -27 -45 -90 -45 -135 598 -63 -54 -117 -27 -36 -27 -18 -117 -45 -18 -18 -45 -9 -54 -63 -36 -108 -18 -108 -54 -63 -63 -9 -90 -108 -27 -27 -117 -72 -54 -9 -45 -54 832 -18 -90 -54 -63 -9 -9 -54 -18 -27 -9 -27 -9 -45 -18 -27 -18 -90 -81 -189 -63 -54 -18 -36 -9 -18 -9 
836 -12 -22 -2 -34 -8 -14 -20 -12 -24 -24 -6 -98 -28 -18 -10 -20 -10 -16 -30 -28 -22 -30 -26 -10 -12 -24 -20 -10 -14 -12 -14 -20 -18 -10 -8 -16 -14 -56 -14 -12 -6 -10 -20 -10 -30 -56 -14 -12 -26 -6 -8 -6 -4 -26 -10 -4 -4 -10 -2 -12 -14 -8 -24 -4 -24 -12 -14 -14 -2 -20 -24 -6 -6 -26 -16 -12 -2 -10 -12 -4 -4 -20 -12 836 -2 -2 -12 -4 -6 -2 -6 -2 -10 -4 -6 -4 -20 -18 -42 -14 -12 -4 -8 -2 -4 -2 
808 -77 -7 -119 -28 -49 -70 -42 -84 -84 -21 507 -98 -63 -35 -70 -35 -56 -105 -98 -77 745 -91 -35 -42 -84 780 -35 -49 -42 -49 -70 -63 815 -28 -56 -49 654 -49 -42 -21 -35 -70 -35 -105 -196 -49 -42 -91 -21 -28 -21 -14 -91 -35 -14 -14 -35 -7 -42 -49 -28 -84 -14 -84 -42 -49 -49 -7 -70 -84 -21 -21 -91 -56 -42 -7 -35 -42 -14 -14 -70 -42 -49 -7 -7 -42 -14 -21 -7 -21 -7 -35 -14 -21 -14 -70 -63 -147 -49 -42 -14 -28 -7 -14 -7 
784 -6 -102 -24 -42 -60 -36 -72 -72 -18 -294 -84 -54 -30 -60 -30 -48 -90 -84 -66 -90 -78 -30 -36 -72 790 -30 -42 -36 -42 -60 -54 -30 -24 -48 -42 -168 -42 -36 -18 -30 -60 -30 -90 682 808 -36 -78 832 -24 -18 -12 -78 -30 -12 -12 -30 -6 -36 -42 -24 -72 -12 -72 -36 -42 -42 -6 -60 -72 -18 -18 -78 -48 -36 -6 -30 -36 -12 -12 -60 -36 -42 -6 -6 -36 -12 -18 -6 -18 -6 -30 -12 -18 -12 -60 -54 -126 -42 -36 -12 -24 -6 -12 -6 
-11 -187 -44 -77 -110 -66 -132 718 -33 311 -154 -99 -55 740 -55 -88 -165 -154 -121 -165 -143 -55 -66 -132 -110 -55 -77 -66 -77 740 751 -55 -44 -88 -77 -308 -77 -66 -33 -55 -110 -55 -165 542 -77 -66 -143 -33 -44 -33 -22 -143 -55 -22 -22 -55 -11 -66 -77 -44 -132 -22 718 -66 -77 -77 -11 740 -132 -33 -33 -143 -88 -66 -11 -55 -66 -22 -22 740 -66 -77 -11 -11 -66 -22 -33 -11 -33 -11 -55 -22 -33 -22 -110 -99 -231 -77 784 -22 -44 -11 -22 -11 
833 -4 -7 -10 -6 -12 -12 -3 -49 -14 -9 -5 -10 -5 -8 -15 -14 -11 -15 -13 -5 -6 -12 -10 -5 -7 -6 -7 -10 -9 -5 -4 -8 -7 -28 -7 -6 -3 -5 -10 -5 -15 -28 -7 -6 -13 -3 -4 -3 -2 -13 -5 -2 -2 -5 -1 -6 -7 -4 -12 -2 -12 -6 -7 -7 -1 -10 -12 -3 -3 -13 -8 -6 -1 -5 -6 -2 -2 -10 -6 -7 -1 -1 -6 -2 -3 -1 -3 -1 -5 -2 -3 -2 -10 -9 -21 -7 -6 -2 -4 -1 -2 -1 
-68 -119 680 -102 -204 -204 -51 17 -238 -153 -85 -170 -85 -136 595 612 663 -255 -221 -85 -102 -204 -170 -85 -119 -102 -119 -170 -153 765 782 -136 731 -476 -119 -102 -51 -85 -170 -85 -255 -476 -119 -102 -221 -51 -68 -51 -34 629 765 816 816 -85 -17 -102 -119 -68 -204 -34 -204 -102 -119 -119 -17 -170 -204 -51 -51 -221 -136 -102 -17 -85 -102 -34 -34 -170 -102 731 -17 -17 -102 -34 -51 -17 -51 -17 -85 -34 -51 -34 -170 -153 -357 -119 -102 -34 -68 -17 -34 -17 
822 810 -24 -48 -48 -12 -196 -56 -36 -20 -40 -20 -32 -60 -56 -44 -60 -52 -20 -24 -48 -40 -20 -28 -24 -28 -40 -36 -20 -16 -32 -28 -112 -28 -24 -12 -20 -40 -20 790 -112 -28 -24 -52 -12 -16 -12 -8 -52 -20 -8 -8 -20 -4 -24 -28 -16 -48 -8 -48 -24 -28 -28 -4 -40 -48 -12 -12 -52 -32 -24 -4 -20 -24 -8 -8 -40 -24 -28 -4 -4 -24 -8 -12 -4 -12 -4 -20 -8 -12 -8 -40 -36 -84 -28 -24 -8 -16 -4 -8 -4 
-70 -42 -84 -84 -21 -343 -98 -63 -35 -70 -35 -56 -105 -98 -77 -105 -91 -35 -42 -84 -70 -35 -49 -42 -49 -70 -63 -35 822 -56 -49 -196 -49 -42 -21 -35 -70 -35 -105 -196 -49 -42 -91 -21 -28 -21 -14 -91 -35 -14 -14 815 -7 -42 -49 -28 -84 836 -84 -42 -49 -49 -7 -70 -84 -21 -21 -91 -56 -42 -7 -35 -42 -14 -14 -70 -42 -49 -7 -7 -42 -14 -21 -7 -21 -7 815 -14 -21 -14 -70 -63 703 -49 -42 -14 -28 -7 -14 -7 
-60 -120 -120 -30 360 710 -90 -50 -100 -50 -80 -150 -140 -110 -150 -130 -50 -60 -120 -100 -50 -70 -60 -70 -100 -90 -50 -40 -80 -70 570 -70 -60 -30 -50 -100 -50 700 -280 -70 -60 -130 -30 -40 -30 -20 -130 -50 -20 -20 -50 -10 -60 -70 -40 -120 -20 -120 -60 -70 -70 -10 -100 -120 -30 -30 -130 -80 -60 -10 -50 -60 -20 -20 750 790 -70 -10 -10 -60 -20 -30 -10 -30 -10 -50 -20 -30 -20 750 -90 640 -70 -60 -20 -40 -10 -20 -10 
778 778 832 556 766 -54 -30 -60 -30 -48 -90 -84 -66 -90 -78 -30 -36 -72 -60 -30 -42 -36 -42 -60 -54 -30 -24 -48 -42 -168 -42 -36 -18 -30 -60 -30 -90 -168 -42 -36 -78 -18 -24 -18 -12 -78 -30 -12 -12 -30 -6 -36 -42 -24 -72 -12 -72 -36 -42 -42 -6 -60 -72 -18 -18 -78 -48 -36 -6 -30 -36 -12 -12 -60 -36 -42 -6 -6 -36 -12 -18 -6 -18 -6 -30 -12 -18 -12 790 -54 -126 -42 -36 -12 -24 -6 -12 -6 
-144 814 262 -168 -108 -60 -120 -60 -96 -180 682 -132 -180 -156 -60 -72 -144 -120 -60 -84 -72 766 730 -108 -60 -48 -96 -84 -336 -84 -72 -36 -60 -120 -60 -180 -336 -84 -72 -156 -36 -48 -36 -24 694 -60 -24 -24 -60 -12 -72 -84 -48 706 -24 -144 778 -84 -84 -12 -120 -144 -36 -36 -156 -96 -72 -12 -60 -72 -24 -24 -120 -72 -84 -12 -12 -72 -24 -36 -12 -36 -12 -60 -24 -36 -24 -120 -108 -252 766 -72 -24 -48 -12 -24 -12 
-36 262 -168 -108 -60 -120 -60 -96 -180 -168 -132 -180 -156 -60 -72 -144 730 -60 -84 -72 -84 -120 742 -60 -48 -96 -84 514 -84 -72 -36 -60 730 -60 -180 -336 -84 -72 -156 -36 -48 -36 -24 -156 -60 -24 -24 -60 -12 -72 -84 -48 -144 -24 -144 -72 -84 -84 -12 730 706 -36 -36 694 -96 -72 -12 -60 -72 -24 -24 -120 778 -84 -12 -12 -72 -24 -36 -12 -36 -12 -60 -24 -36 -24 -120 -108 598 -84 -72 -24 -48 -12 -24 -12 
-147 -42 -27 -15 -30 -15 -24 -45 -42 -33 -45 -39 -15 -18 -36 -30 -15 -21 -18 -21 -30 -27 -15 -12 -24 -21 -84 -21 -18 -9 -15 -30 -15 -45 -84 -21 -18 -39 -9 -12 -9 -6 -39 -15 -6 -6 -15 -3 -18 -21 -12 814 -6 -36 -18 -21 -21 -3 -30 -36 -9 -9 -39 -24 -18 -3 -15 -18 -6 -6 -30 -18 -21 -3 -3 -18 -6 -9 -3 -9 -3 -15 -6 -9 -6 -30 -27 -63 -21 -18 -6 -12 -3 -6 -3 
-686 -441 -245 360 605 -392 115 164 311 115 213 -245 -294 262 360 -245 507 556 507 360 409 -245 -196 -392 -343 -522 507 -294 -147 -245 -490 -245 115 -522 507 -294 213 -147 -196 -147 -98 -637 -245 -98 -98 -245 -49 556 507 654 -588 -98 262 -294 507 -343 -49 -490 -588 703 -147 -637 458 -294 801 605 556 752 752 360 556 507 -49 -49 -294 752 -147 -49 -147 -49 605 -98 -147 -98 360 409 -179 -343 -294 -98 -196 -49 -98 -49 
-126 -70 710 -70 -112 -210 -196 -154 -210 -182 780 -84 -168 -140 -70 752 -84 -98 -140 -126 -70 -56 -112 -98 458 752 -84 -42 -70 -140 -70 640 458 -98 766 668 -42 -56 -42 -28 -182 780 -28 -28 -70 -14 -84 -98 -56 -168 -28 -168 -84 -98 -98 -14 -140 -168 -42 -42 -182 -112 -84 -14 -70 -84 -28 -28 -140 -84 -98 -14 -14 -84 -28 -42 -14 -42 -14 -70 -28 -42 -28 -140 -126 -294 -98 -84 -28 -56 -14 -28 -14 
805 760 805 778 715 724 751 715 -117 -45 -54 -108 -90 -45 -63 -54 -63 -90 -81 -45 -36 -72 -63 -252 -63 -54 -27 -45 -90 -45 -135 -252 -63 -54 -117 -27 -36 -27 -18 -117 -45 -18 -18 -45 -9 -54 -63 -36 -108 -18 -108 -54 -63 -63 -9 -90 -108 -27 -27 -117 -72 -54 -9 -45 -54 -18 -18 -90 -54 -63 -9 -9 -54 -18 -27 -9 -27 -9 -45 -18 -27 -18 -90 -81 -189 -63 -54 -18 -36 -9 -18 -9 
-50 -25 -40 -75 -70 -55 -75 -65 -25 -30 -60 -50 -25 -35 -30 -35 -50 -45 -25 -20 -40 -35 710 -35 -30 -15 -25 -50 -25 -75 -140 -35 -30 -65 -15 -20 -15 -10 -65 -25 -10 -10 -25 -5 -30 -35 -20 -60 -10 -60 -30 -35 -35 -5 -50 -60 -15 -15 785 -40 -30 -5 -25 -30 -10 -10 -50 -30 -35 -5 -5 -30 -10 835 -5 -15 -5 -25 -10 -15 -10 -50 -45 -105 -35 -30 -10 830 -5 -10 -5 
-50 -80 -150 -140 -110 -150 720 -50 -60 -120 -100 -50 -70 -60 -70 -100 -90 -50 -40 -80 -70 570 -70 -60 -30 -50 750 -50 700 570 -70 -60 -130 -30 -40 -30 -20 -130 -50 -20 -20 -50 -10 -60 -70 -40 -120 -20 -120 -60 -70 -70 -10 -100 -120 -30 -30 -130 -80 -60 -10 -50 -60 -20 -20 -100 -60 -70 -10 -10 -60 -20 -30 -10 -30 -10 -50 -20 -30 -20 -100 -90 -210 -70 -60 -20 -40 -10 -20 -10 
-40 -75 -70 -55 -75 -65 -25 -30 -60 -50 -25 -35 -30 -35 -50 -45 -25 -20 -40 -35 -140 -35 820 -15 -25 -50 -25 -75 -140 -35 -30 -65 -15 -20 -15 -10 -65 -25 -10 -10 -25 -5 -30 -35 -20 -60 -10 -60 -30 -35 -35 -5 -50 -60 -15 -15 -65 -40 -30 -5 -25 -30 -10 -10 -50 -30 -35 -5 -5 -30 -10 835 -5 -15 -5 -25 -10 -15 -10 -50 -45 -105 -35 -30 -10 -20 -5 -10 -5 
-120 -112 -88 -120 -104 -40 -48 -96 -80 -40 -56 -48 -56 -80 -72 -40 -32 -64 -56 626 -56 -48 -24 810 -80 -40 -120 626 -56 -48 -104 -24 -32 -24 -16 746 -40 -16 -16 -40 -8 -48 -56 -32 -96 834 -96 -48 -56 -56 -8 -80 -96 -24 -24 -104 -64 -48 -8 -40 -48 -16 -16 -80 -48 -56 -8 -8 -48 -16 -24 -8 -24 -8 -40 -16 -24 -16 -80 -72 -168 794 -48 -16 -32 -8 -16 -8 
-210 -165 -225 -195 -75 -90 -180 -150 -75 -105 -90 745 -150 -135 -75 -60 -120 -105 430 -105 -90 -45 775 -150 775 -225 -420 -105 -90 -195 -45 -60 -45 -30 -195 -75 -30 -30 -75 -15 -90 -105 -60 670 -30 -180 -90 -105 -105 -15 700 670 -45 -45 -195 -120 -90 -15 -75 -90 -30 -30 700 -90 -105 -15 -15 -90 -30 -45 -15 -45 -15 -75 -30 -45 -30 -150 715 535 -105 -90 -30 790 -15 -30 -15 
-154 -210 -182 -70 766 -168 -140 -70 -98 -84 -98 -140 -126 -70 -56 738 -98 -392 -98 -84 808 -70 710 -70 -210 458 -98 -84 -182 -42 -56 -42 -28 668 -70 -28 -28 -70 -14 -84 -98 -56 -168 -28 -168 -84 -98 -98 -14 -140 -168 808 -42 -182 -112 -84 -14 -70 -84 -28 -28 -140 766 -98 -14 -14 -84 -28 -42 -14 -42 -14 -70 -28 -42 -28 -140 -126 556 -98 -84 -28 -56 -14 -28 -14 
-165 -143 -55 -66 -132 -110 -55 -77 -66 -77 -110 -99 -55 -44 -88 -77 542 -77 -66 -33 -55 -110 -55 -165 542 -77 -66 -143 -33 806 -33 -22 -143 -55 -22 -22 -55 -11 -66 -77 -44 718 -22 -132 -66 -77 -77 -11 -110 -132 -33 -33 707 762 -66 -11 -55 -66 -22 -22 -110 -66 -77 -11 -11 -66 -22 -33 -11 -33 -11 -55 -22 -33 -22 -110 -99 619 -77 -66 -22 -44 -11 -22 -11 
-195 -75 -90 -180 -150 -75 -105 -90 -105 -150 -135 -75 -60 -120 -105 430 -105 -90 -45 -75 -150 -75 -225 -420 745 -90 655 -45 -60 -45 -30 -195 -75 -30 -30 775 -15 -90 -105 -60 670 -30 -180 -90 -105 -105 -15 -150 670 -45 -45 655 730 -90 -15 -75 -90 -30 -30 700 -90 -105 -15 -15 -90 -30 -45 -15 805 -15 -75 -30 -45 -30 -150 715 -315 -105 -90 -30 -60 -15 -30 -15 
785 772 694 720 785 759 772 -91 -130 -117 -65 -52 -104 -91 -364 759 -78 -39 -65 -130 -65 -195 -364 -91 -78 -169 -39 -52 -39 -26 -169 -65 -26 -26 -65 -13 -78 -91 -52 -156 -26 -156 -78 -91 -91 -13 -130 -156 -39 -39 -169 -104 -78 -13 -65 -78 -26 -26 -130 -78 759 -13 -13 772 -26 -39 -13 -39 -13 -65 -26 -39 -26 -130 -117 -273 -91 -78 -26 -52 -13 -26 -13 
-30 -60 -50 -25 -35 -30 -35 -50 -45 -25 -20 -40 -35 -140 -35 -30 -15 -25 -50 -25 -75 -140 -35 -30 -65 -15 -20 -15 840 -65 -25 -10 -10 -25 -5 -30 -35 -20 -60 -10 -60 -30 -35 -35 845 -50 -60 -15 -15 785 -40 -30 -5 -25 -30 -10 -10 -50 -30 -35 -5 -5 -30 -10 -15 -5 -15 -5 -25 -10 -15 -10 -50 -45 -105 -35 -30 -10 -20 -5 -10 -5 
-72 -60 -30 -42 -36 -42 -60 -54 -30 -24 -48 -42 -168 -42 -36 -18 -30 -60 -30 -90 682 -42 -36 -78 -18 -24 -18 -12 -78 -30 -12 -12 -30 -6 -36 -42 -24 -72 -12 -72 -36 -42 -42 -6 -60 -72 -18 -18 772 -48 -36 -6 -30 814 -12 -12 -60 -36 -42 -6 -6 814 -12 -18 -6 -18 -6 -30 -12 -18 -12 -60 -54 -126 -42 -36 -12 -24 -6 -12 -6 
730 -60 -84 -72 -84 -120 -108 -60 -48 754 -84 514 -84 -72 -36 -60 -120 -60 -180 514 -84 -72 -156 -36 -48 -36 -24 -156 -60 -24 -24 -60 -12 -72 -84 -48 -144 -24 -144 -72 -84 -84 -12 -120 -144 -36 -36 694 -96 -72 -12 -60 -72 -24 826 -120 -72 -84 -12 -12 -72 -24 -36 -12 -36 -12 -60 -24 -36 -24 -120 742 598 -84 -72 -24 802 -12 -24 -12 
-50 -70 -60 -70 -100 -90 -50 -40 -80 -70 -280 -70 -60 -30 -50 -100 -50 -150 570 780 -60 -130 -30 -40 -30 -20 -130 -50 -20 -20 -50 -10 -60 -70 -40 -120 -20 730 -60 -70 -70 -10 -100 -120 -30 -30 -130 -80 -60 -10 -50 -60 -20 -20 -100 -60 -70 -10 -10 -60 -20 -30 -10 -30 -10 -50 -20 820 -20 -100 -90 -210 -70 -60 -20 -40 -10 -20 -10 
-35 -30 -35 -50 -45 -25 -20 -40 -35 -140 -35 -30 -15 -25 -50 -25 -75 -140 -35 -30 -65 -15 -20 -15 -10 -65 -25 -10 -10 -25 -5 -30 -35 -20 -60 -10 -60 -30 -35 -35 -5 -50 790 -15 -15 -65 -40 -30 -5 -25 820 -10 -10 -50 -30 -35 -5 -5 -30 -10 -15 -5 -15 -5 -25 -10 -15 -10 -50 -45 745 -35 -30 840 -20 -5 -10 -5 
-42 -49 -70 -63 -35 -28 -56 -49 -196 -49 -42 -21 -35 -70 -35 -105 654 -49 -42 759 -21 -28 -21 -14 -91 -35 -14 -14 -35 -7 -42 -49 -28 -84 -14 -84 -42 -49 -49 -7 -70 -84 -21 -21 -91 -56 -42 -7 -35 -42 -14 -14 -70 -42 -49 -7 -7 -42 -14 -21 -7 -21 -7 -35 -14 -21 -14 -70 -63 -147 -49 -42 836 -28 -7 -14 -7 
-42 -60 -54 -30 -24 -48 -42 -168 -42 -36 -18 -30 790 -30 -90 682 -42 -36 -78 -18 -24 -18 -12 -78 -30 -12 -12 -30 -6 -36 -42 -24 -72 -12 -72 814 -42 -42 -6 -60 -72 -18 -18 -78 -48 -36 -6 -30 -36 -12 -12 -60 -36 -42 -6 -6 -36 -12 -18 -6 -18 -6 -30 -12 -18 -12 -60 -54 724 -42 -36 -12 -24 -6 -12 -6 
-70 -63 -35 -28 -56 -49 654 -49 -42 -21 -35 -70 -35 -105 -196 -49 -42 -91 829 -28 -21 -14 -91 -35 -14 -14 -35 -7 -42 -49 -28 -84 -14 -84 -42 -49 -49 -7 -70 -84 -21 -21 -91 -56 -42 -7 -35 -42 -14 -14 780 -42 -49 -7 -7 -42 -14 -21 -7 -21 -7 -35 -14 -21 -14 -70 -63 -147 -49 -42 -14 -28 -7 -14 -7 
760 -50 -40 -80 -70 -280 -70 -60 -30 800 -100 -50 -150 -280 -70 -60 -130 -30 -40 820 830 720 -50 -20 -20 -50 -10 -60 -70 -40 -120 -20 -120 -60 780 -70 -10 -100 -120 -30 -30 -130 -80 -60 -10 -50 -60 -20 -20 -100 -60 -70 -10 -10 -60 -20 -30 -10 -30 -10 -50 -20 -30 -20 -100 760 -210 -70 -60 -20 -40 -10 -20 -10 
805 814 778 -63 -252 -63 -54 -27 -45 -90 -45 -135 598 -63 -54 -117 -27 -36 -27 -18 -117 -45 -18 -18 -45 -9 -54 -63 -36 -108 -18 -108 -54 -63 -63 -9 -90 -108 -27 -27 -117 -72 -54 -9 -45 -54 -18 -18 -90 -54 -63 -9 -9 -54 -18 -27 -9 -27 -9 -45 -18 -27 -18 -90 -81 661 -63 -54 -18 -36 -9 -18 -9 
-20 -40 -35 710 -35 -30 -15 -25 -50 -25 -75 -140 -35 -30 -65 -15 -20 -15 -10 -65 -25 -10 -10 -25 -5 -30 -35 -20 -60 -10 -60 -30 -35 -35 -5 -50 -60 -15 -15 -65 -40 -30 -5 -25 -30 -10 -10 -50 -30 -35 -5 -5 -30 -10 -15 -5 -15 -5 -25 -10 -15 -10 -50 805 -105 -35 -30 -10 -20 -5 -10 -5 
-32 -28 -112 -28 -24 -12 -20 -40 -20 -60 -112 -28 -24 -52 -12 834 -12 -8 -52 -20 -8 -8 -20 -4 -24 -28 -16 -48 -8 -48 -24 -28 -28 -4 -40 -48 -12 -12 -52 -32 -24 -4 -20 -24 -8 -8 -40 -24 -28 -4 -4 -24 -8 -12 -4 -12 -4 -20 -8 -12 -8 -40 -36 -84 -28 -24 -8 -16 -4 -8 -4 
794 626 -56 -48 -24 -40 -80 -40 -120 -224 -56 -48 -104 -24 -32 -24 -16 -104 -40 -16 -16 -40 -8 -48 -56 -32 -96 -16 -96 -48 -56 -56 -8 -80 -96 -24 -24 -104 -64 -48 -8 -40 -48 -16 -16 -80 -48 -56 -8 -8 -48 -16 -24 -8 -24 -8 -40 -16 -24 -16 -80 -72 -168 -56 -48 -16 -32 -8 -16 -8 
-196 -49 -42 -21 -35 -70 -35 -105 654 -49 -42 -91 -21 822 -21 -14 -91 -35 -14 -14 -35 -7 -42 -49 -28 -84 -14 -84 -42 -49 -49 -7 -70 -84 -21 -21 759 -56 -42 -7 -35 -42 -14 -14 -70 -42 -49 843 -7 -42 -14 -21 -7 -21 -7 -35 -14 -21 -14 -70 -63 -147 -49 -42 -14 -28 -7 -14 -7 
654 -168 -84 -140 570 -140 -420 -784 -196 -168 -364 -84 -112 -84 -56 486 -140 -56 -56 710 -28 -168 654 -112 -336 -56 514 -168 -196 -196 -28 -280 -336 -84 -84 -364 626 682 -28 710 -168 -56 -56 -280 -168 -196 -28 -28 -168 -56 -84 -28 -84 -28 710 794 766 -56 -280 -252 -588 -196 -168 -56 -112 -28 -56 -28 
808 -21 -35 -70 -35 745 -196 -49 -42 -91 -21 -28 -21 -14 -91 -35 -14 -14 -35 -7 -42 -49 -28 -84 -14 -84 -42 -49 -49 -7 -70 -84 -21 -21 -91 -56 -42 -7 -35 -42 -14 -14 -70 -42 -49 -7 -7 -42 -14 -21 -7 -21 -7 -35 -14 -21 -14 780 -63 -147 -49 -42 -14 -28 -7 -14 -7 
-18 -30 -60 -30 -90 -168 808 -36 -78 -18 -24 -18 -12 -78 -30 -12 -12 -30 -6 -36 -42 -24 -72 -12 -72 -36 -42 808 -6 -60 -72 -18 -18 -78 -48 -36 -6 -30 -36 -12 -12 -60 -36 -42 -6 -6 -36 -12 -18 -6 -18 -6 -30 -12 -18 -12 -60 -54 -126 -42 -36 -12 -24 -6 -12 -6 
-15 -30 -15 -45 -84 -21 -18 -39 -9 -12 -9 -6 -39 -15 -6 -6 -15 -3 -18 -21 -12 -36 -6 -36 -18 -21 -21 -3 -30 -36 -9 -9 -39 -24 -18 -3 -15 -18 -6 -6 -30 -18 -21 -3 -3 -18 -6 -9 -3 -9 -3 -15 -6 -9 -6 -30 -27 787 -21 -18 -6 -12 -3 -6 -3 
800 825 -75 -140 -35 -30 -65 -15 -20 -15 -10 -65 -25 -10 -10 -25 -5 -30 -35 -20 -60 -10 -60 -30 -35 -35 -5 -50 -60 -15 -15 -65 -40 -30 -5 -25 -30 -10 -10 -50 -30 -35 -5 -5 -30 -10 -15 -5 -15 -5 -25 -10 -15 -10 -50 -45 -105 -35 -30 -10 -20 -5 -10 -5 
-50 700 -280 -70 -60 -130 -30 -40 -30 -20 -130 -50 -20 -20 -50 -10 -60 -70 -40 -120 -20 -120 -60 -70 -70 -10 -100 730 -30 -30 -130 -80 -60 -10 -50 -60 -20 -20 -100 790 -70 -10 -10 -60 -20 -30 -10 -30 -10 -50 -20 -30 -20 -100 -90 640 -70 -60 -20 -40 -10 -20 -10 
-75 710 -35 -30 -65 -15 -20 -15 -10 785 -25 -10 -10 -25 -5 -30 -35 -20 790 -10 -60 -30 -35 -35 -5 -50 -60 -15 -15 -65 -40 -30 -5 -25 -30 -10 -10 -50 -30 -35 -5 -5 -30 -10 -15 -5 -15 -5 -25 -10 -15 -10 -50 -45 -105 -35 -30 -10 -20 -5 -10 -5 
430 745 760 655 -45 -60 -45 -30 -195 -75 -30 -30 -75 -15 -90 -105 -60 -180 -30 -180 -90 -105 -105 -15 -150 -180 -45 805 -195 -120 -90 -15 -75 -90 -30 -30 -150 -90 -105 -15 -15 -90 -30 -45 -15 -45 -15 -75 -30 -45 -30 700 -135 535 -105 -90 -30 -60 -15 -30 -15 
-196 -168 486 -84 -112 766 -56 486 -140 -56 -56 -140 -28 -168 654 738 514 -56 -336 -168 -196 -196 -28 -280 -336 -84 -84 -364 -224 -168 -28 -140 -168 -56 -56 -280 -168 -196 -28 -28 -168 -56 -84 -28 -84 -28 -140 -56 -84 794 -280 -252 -588 -196 682 -56 -112 -28 -56 -28 
-42 -91 -21 822 -21 -14 -91 -35 -14 -14 -35 -7 -42 -49 -28 -84 -14 -84 -42 -49 -49 -7 -70 -84 -21 -21 -91 -56 -42 -7 -35 -42 -14 -14 -70 -42 -49 -7 -7 -42 -14 -21 -7 -21 -7 -35 -14 -21 -14 -70 -63 -147 -49 -42 -14 -28 -7 -14 -7 
772 -18 -24 -18 -12 -78 -30 -12 -12 -30 -6 -36 -42 -24 -72 -12 -72 -36 -42 808 -6 -60 -72 -18 -18 -78 -48 -36 -6 -30 -36 -12 -12 -60 -36 808 -6 -6 -36 -12 -18 -6 -18 -6 -30 -12 -18 -12 790 -54 -126 -42 -36 -12 -24 -6 -12 -6 
-39 -52 -39 -26 -169 -65 -26 -26 -65 -13 -78 -91 -52 694 -26 694 -78 759 -91 -13 720 -156 -39 811 -169 -104 -78 -13 -65 -78 -26 -26 -130 -78 -91 -13 -13 -78 -26 -39 -13 -39 -13 -65 -26 -39 -26 -130 -117 -273 -91 -78 -26 -52 -13 -26 -13 
-12 -9 -6 -39 -15 -6 -6 -15 -3 -18 -21 -12 -36 -6 814 -18 -21 -21 -3 -30 -36 -9 -9 -39 -24 -18 -3 -15 -18 -6 -6 -30 -18 -21 -3 -3 -18 -6 -9 -3 -9 -3 -15 -6 -9 -6 -30 -27 -63 -21 -18 -6 -12 -3 -6 -3 
-12 -8 -52 -20 -8 -8 -20 -4 -24 -28 -16 -48 -8 -48 -24 -28 -28 -4 -40 -48 -12 -12 -52 -32 -24 -4 -20 -24 -8 -8 -40 -24 -28 -4 -4 -24 -8 -12 -4 -12 -4 -20 -8 -12 -8 -40 -36 -84 -28 -24 -8 -16 -4 -8 -4 
-6 -39 -15 -6 -6 -15 -3 -18 -21 -12 -36 -6 -36 -18 -21 -21 -3 820 -36 -9 -9 -39 -24 -18 -3 -15 -18 -6 -6 -30 -18 -21 -3 -3 -18 -6 -9 -3 -9 -3 -15 -6 -9 -6 -30 -27 -63 -21 -18 -6 -12 -3 -6 -3 
-26 -10 -4 -4 -10 -2 -12 -14 -8 -24 -4 -24 -12 -14 -14 -2 -20 -24 -6 -6 -26 -16 -12 -2 -10 -12 -4 -4 -20 -12 -14 -2 -2 -12 -4 -6 -2 -6 -2 -10 -4 -6 -4 -20 -18 -42 -14 -12 -4 -8 -2 -4 -2 
-65 -26 -26 -65 -13 772 -91 -52 -156 -26 694 772 759 -91 -13 -130 -156 -39 -39 -169 -104 -78 -13 -65 -78 -26 -26 -130 -78 -91 -13 -13 -78 -26 -39 -13 -39 -13 -65 -26 -39 -26 -130 -117 577 -91 -78 -26 -52 -13 -26 -13 
-10 -10 -25 -5 -30 -35 -20 -60 -10 -60 820 -35 -35 -5 -50 790 -15 -15 -65 -40 -30 -5 -25 -30 -10 -10 -50 -30 -35 -5 -5 -30 -10 -15 -5 -15 -5 -25 -10 -15 840 -50 -45 -105 -35 -30 -10 -20 -5 -10 -5 
-4 -10 -2 -12 -14 -8 -24 -4 -24 -12 -14 -14 -2 -20 -24 -6 -6 -26 -16 -12 -2 -10 -12 -4 -4 -20 -12 -14 -2 -2 -12 -4 -6 -2 -6 -2 -10 -4 -6 -4 -20 -18 808 -14 -12 -4 -8 -2 -4 -2 
-10 -2 -12 -14 -8 -24 -4 -24 838 -14 -14 -2 -20 -24 -6 -6 -26 -16 -12 -2 -10 -12 -4 -4 -20 -12 -14 -2 -2 -12 -4 -6 -2 -6 -2 -10 -4 -6 -4 -20 -18 -42 -14 -12 -4 -8 -2 -4 -2 
845 820 -35 -20 -60 -10 -60 -30 -35 -35 -5 -50 -60 -15 -15 -65 -40 -30 -5 -25 -30 -10 -10 -50 -30 -35 -5 -5 -30 -10 -15 -5 -15 -5 -25 -10 -15 -10 -50 -45 -105 -35 -30 -10 -20 -5 -10 -5 
-6 -7 -4 -12 -2 -12 -6 -7 -7 -1 -10 -12 -3 -3 -13 -8 -6 -1 -5 -6 -2 -2 -10 -6 -7 -1 -1 -6 -2 -3 -1 -3 -1 -5 -2 -3 -2 -10 -9 -21 -7 -6 -2 -4 -1 -2 -1 
-42 -24 -72 -12 -72 -36 -42 -42 -6 -60 -72 -18 -18 -78 -48 -36 -6 -30 814 -12 -12 790 -36 -42 -6 -6 -36 -12 -18 -6 -18 -6 -30 -12 -18 -12 -60 796 -126 -42 -36 -12 -24 -6 -12 -6 
-28 -84 -14 -84 -42 801 -49 -7 780 -84 -21 -21 -91 -56 -42 -7 -35 -42 -14 -14 -70 -42 -49 -7 -7 -42 -14 -21 -7 -21 -7 -35 -14 -21 -14 780 -63 -147 -49 -42 -14 -28 -7 -14 -7 
-48 -8 -48 -24 -28 -28 -4 -40 802 -12 -12 -52 -32 -24 -4 -20 -24 -8 -8 810 -24 -28 -4 -4 -24 -8 -12 -4 -12 -4 -20 -8 -12 -8 -40 -36 -84 -28 -24 -8 -16 -4 -8 -4 
-24 706 -72 -84 766 -12 730 -144 -36 -36 -156 -96 -72 -12 -60 778 -24 -24 -120 -72 -84 -12 -12 -72 -24 -36 -12 -36 -12 -60 -24 -36 -24 -120 -108 -252 -84 -72 -24 -48 -12 -24 -12 
-24 -12 -14 -14 -2 -20 -24 -6 -6 -26 -16 -12 -2 -10 -12 -4 -4 -20 -12 -14 -2 -2 -12 -4 -6 -2 -6 -2 -10 -4 -6 -4 -20 -18 -42 -14 -12 -4 -8 -2 -4 -2 
-72 -84 -84 -12 730 -144 -36 -36 -156 -96 -72 -12 -60 -72 -24 -24 730 -72 -84 -12 -12 -72 -24 -36 -12 -36 -12 -60 -24 -36 -24 730 -108 -252 766 -72 -24 -48 -12 -24 -12 
-42 808 -6 -60 -72 -18 -18 -78 -48 -36 -6 -30 -36 -12 -12 -60 -36 -42 -6 -6 -36 -12 -18 -6 -18 -6 -30 -12 -18 -12 -60 -54 -126 -42 -36 -12 -24 -6 -12 -6 
-49 -7 -70 -84 -21 -21 -91 794 -42 -7 -35 -42 -14 -14 -70 -42 -49 -7 -7 -42 -14 -21 -7 -21 -7 -35 -14 -21 -14 -70 -63 -147 801 -42 -14 -28 -7 -14 -7 
-7 -70 766 -21 -21 -91 -56 -42 -7 -35 -42 -14 -14 -70 -42 -49 -7 -7 -42 -14 -21 -7 -21 -7 -35 -14 -21 -14 -70 787 -147 -49 -42 -14 -28 -7 -14 -7 
-10 -12 -3 -3 -13 -8 -6 -1 -5 -6 -2 -2 -10 -6 -7 -1 -1 -6 -2 -3 -1 -3 -1 -5 -2 -3 -2 -10 -9 -21 -7 -6 -2 -4 -1 -2 -1 
730 820 -30 -130 -80 -60 -10 -50 -60 -20 -20 -100 -60 -70 -10 -10 -60 -20 -30 -10 -30 -10 -50 -20 -30 -20 -100 -90 -210 -70 -60 -20 -40 -10 -20 -10 
-36 -36 -156 754 -72 -12 -60 -72 -24 -24 -120 -72 -84 -12 -12 778 -24 -36 -12 -36 -12 -60 -24 -36 -24 -120 -108 -252 -84 778 -24 -48 -12 -24 -12 
-9 -39 -24 -18 -3 -15 -18 -6 -6 -30 -18 -21 -3 -3 -18 -6 -9 -3 -9 -3 -15 -6 -9 -6 -30 -27 -63 -21 -18 -6 -12 -3 -6 -3 
811 -24 -18 -3 -15 -18 -6 -6 -30 -18 -21 -3 -3 -18 -6 -9 -3 -9 -3 -15 -6 -9 -6 -30 -27 -63 -21 -18 -6 -12 -3 -6 -3 
-104 772 -13 785 -78 -26 -26 -130 -78 -91 -13 -13 -78 -26 -39 -13 -39 -13 -65 -26 -39 -26 -130 -117 -273 -91 -78 -26 -52 837 824 -13 
802 -8 -40 -48 -16 -16 -80 -48 -56 -8 -8 -48 -16 -24 -8 -24 -8 -40 -16 -24 -16 -80 -72 -168 -56 802 -16 -32 -8 -16 -8 
-6 -30 -36 -12 -12 -60 -36 -42 -6 -6 -36 -12 832 -6 -18 -6 820 -12 -18 -12 -60 -54 724 -42 -36 -12 -24 -6 -12 -6 
-5 -6 -2 -2 -10 -6 -7 -1 -1 -6 -2 -3 -1 -3 -1 -5 -2 -3 -2 -10 -9 -21 -7 -6 -2 -4 -1 -2 -1 
-30 -10 -10 800 -30 -35 -5 -5 -30 -10 -15 -5 -15 -5 -25 -10 -15 -10 -50 -45 -105 -35 -30 -10 -20 -5 -10 -5 
-12 -12 -60 -36 -42 -6 -6 -36 -12 -18 -6 -18 -6 -30 -12 -18 -12 -60 -54 724 -42 -36 -12 -24 -6 -12 -6 
-4 -20 -12 -14 -2 -2 -12 -4 -6 -2 -6 -2 -10 -4 -6 -4 -20 -18 -42 -14 -12 -4 -8 -2 -4 -2 
-20 -12 -14 -2 -2 -12 -4 -6 -2 -6 -2 -10 -4 -6 -4 -20 -18 -42 -14 -12 -4 -8 -2 -4 -2 
-60 -70 -10 -10 -60 -20 -30 -10 -30 -10 -50 -20 -30 -20 -100 -90 -210 -70 -60 -20 -40 -10 -20 -10 
-42 -6 -6 -36 -12 -18 -6 -18 -6 -30 -12 -18 -12 -60 -54 -126 -42 814 -12 -24 -6 -12 -6 
-7 -7 808 -14 -21 -7 -21 -7 -35 836 -21 -14 -70 -63 -147 -49 -42 -14 -28 -7 -14 -7 
-1 -6 -2 -3 -1 -3 -1 -5 -2 -3 -2 -10 -9 -21 -7 -6 -2 -4 -1 -2 -1 
-6 -2 -3 -1 -3 -1 -5 -2 -3 -2 -10 -9 -21 -7 -6 -2 -4 -1 -2 -1 
-12 -18 844 832 -6 -30 -12 -18 -12 -60 -54 -126 -42 -36 -12 -24 -6 -12 -6 
-6 -2 -6 -2 -10 -4 -6 -4 -20 -18 -42 -14 -12 -4 -8 -2 -4 -2 
-3 -9 -3 -15 -6 -9 -6 -30 -27 -63 -21 -18 -6 -12 -3 -6 -3 
-3 -1 -5 -2 -3 -2 -10 -9 -21 -7 -6 -2 -4 -1 -2 -1 
-3 -15 -6 -9 -6 -30 -27 -63 -21 832 -6 -12 -3 -6 -3 
-5 -2 -3 -2 -10 -9 -21 -7 -6 -2 -4 -1 -2 -1 
-10 -15 -10 -50 -45 -105 -35 -30 -10 -20 -5 -10 -5 
-6 -4 -20 -18 -42 -14 -12 -4 -8 -2 -4 -2 
-6 -30 -27 -63 -21 -18 -6 -12 -3 844 -3 
-20 -18 -42 -14 -12 -4 -8 -2 -4 -2 
-90 -210 -70 -60 -20 -40 -10 -20 -10 
661 -63 -54 -18 -36 -9 -18 -9 
703 -126 -42 -84 -21 -42 -21 
-42 -14 822 -7 -14 -7 
-12 -24 -6 -12 -6 
-8 -2 -4 -2 
-4 -8 -4 
-2 -1 
-2 

