62
-48 -24 -18 -6 -24 -36 -30 -36 -42 288 -6 -6 -48 246 276 -36 -54 -42 -24 -54 -36 -6 -18 -36 -18 -18 -30 -30 -54 -30 -6 -18 -60 -30 -6 -42 -66 -48 -12 270 -30 282 -42 -24 -66 -12 282 -6 -12 -42 -60 -24 -12 -42 -12 -12 -54 -6 -30 -6 -18 
-32 -24 -8 -32 -48 -40 -48 -56 -40 -8 -8 -64 -96 -56 -48 246 -56 286 -72 -48 -8 -24 -48 -24 294 278 278 -72 -40 -8 -24 -80 -40 -8 262 -88 -64 -16 -64 278 -48 -56 -32 -88 -16 -48 -8 -16 -56 -80 -32 -16 262 -16 -16 -72 -8 -40 -8 -24 
-12 -4 -16 -24 -20 -24 -28 298 -4 -4 -32 -48 -28 -24 -36 -28 -16 -36 -24 -4 -12 -24 -12 -12 -20 -20 -36 -20 -4 -12 -40 -20 -4 -28 -44 -32 -8 -32 -20 294 -28 302 -44 -8 -24 -4 -8 -28 -40 -16 -8 -28 -8 -8 -36 -4 -20 -4 306 
-3 -12 -18 -15 300 -21 -15 -3 -3 -24 282 -21 -18 -27 -21 -12 -27 -18 -3 -9 -18 -9 -9 -15 -15 -27 -15 -3 -9 -30 -15 -3 -21 -33 -24 -6 -24 -15 -18 -21 -12 -33 -6 -18 -3 -6 -21 -30 -12 -6 -21 -6 -6 -27 -3 303 -3 -9 
-4 -6 -5 -6 -7 -5 -1 -1 -8 -12 -7 -6 -9 -7 -4 -9 -6 -1 -3 -6 -3 -3 -5 -5 -9 -5 -1 -3 -10 -5 -1 -7 -11 -8 -2 -8 -5 -6 -7 -4 -11 -2 -6 -1 -2 -7 308 -4 -2 -7 -2 -2 -9 -1 -5 -1 -3 
-24 -20 -24 290 -20 -4 -4 286 -48 -28 -24 -36 -28 -16 -36 -24 -4 -12 -24 -12 -12 -20 -20 -36 -20 -4 -12 -40 -20 -4 -28 -44 -32 -8 -32 -20 -24 -28 -16 -44 -8 -24 -4 -8 -28 -40 -16 -8 -28 -8 310 282 -4 -20 -4 -12 
-30 -36 276 -30 -6 -6 270 -72 -42 -36 264 -42 -24 -54 -36 -6 -18 -36 -18 -18 -30 -30 -54 -30 -6 -18 -60 -30 -6 -42 -66 -48 -12 -48 -30 -36 -42 -24 -66 -12 -36 -6 -12 -42 -60 -24 -12 276 -12 306 264 -6 -30 -6 -18 
-30 -35 -25 -5 -5 -40 -60 -35 -30 -45 -35 298 -45 -30 -5 -15 -30 -15 -15 293 -25 -45 293 -5 -15 -50 -25 -5 -35 -55 -40 -10 278 -25 -30 -35 -20 -55 -10 -30 -5 -10 -35 -50 -20 -10 283 -10 -10 -45 -5 -25 -5 -15 
-42 -30 -6 -6 -48 -72 -42 -36 -54 -42 -24 264 -36 -6 -18 -36 -18 -18 -30 288 -54 -30 -6 -18 -60 -30 -6 -42 252 -48 -12 -48 -30 -36 -42 -24 252 -12 -36 -6 -12 -42 -60 -24 -12 -42 -12 -12 -54 -6 288 -6 -18 
-35 -7 -7 262 -84 -49 -42 255 -49 -28 -63 -42 -7 -21 -42 -21 -21 -35 -35 -63 -35 -7 297 -70 -35 -7 -49 -77 -56 -14 -56 283 -42 -49 -28 -77 -14 -42 -7 -14 -49 -70 -28 -14 -49 -14 -14 255 -7 -35 -7 -21 
-5 -5 -40 -60 -35 -30 -45 -35 -20 -45 -30 -5 -15 -30 -15 -15 -25 -25 273 -25 -5 -15 -50 -25 -5 -35 -55 -40 -10 -40 -25 288 -35 -20 -55 -10 288 -5 -10 -35 -50 -20 -10 -35 -10 -10 -45 -5 -25 -5 -15 
-1 -8 -12 -7 -6 -9 -7 -4 -9 -6 -1 -3 -6 -3 -3 -5 -5 -9 -5 -1 -3 -10 -5 -1 -7 -11 -8 -2 -8 -5 -6 -7 -4 -11 -2 -6 -1 -2 -7 308 -4 -2 -7 -2 -2 -9 -1 -5 -1 -3 
-8 -12 -7 -6 -9 -7 -4 -9 -6 -1 -3 -6 -3 -3 -5 -5 -9 -5 -1 -3 308 -5 -1 -7 -11 -8 -2 -8 -5 -6 -7 -4 -11 -2 -6 -1 -2 -7 -10 -4 -2 -7 -2 -2 -9 -1 -5 -1 -3 
-96 -56 -48 246 -56 -32 -72 -48 -8 -24 -48 -24 -24 -40 -40 -72 -40 -8 294 -80 -40 -8 -56 -88 -64 -16 -64 278 -48 -56 -32 -88 -16 -48 -8 -16 -56 -80 -32 -16 262 -16 -16 246 -8 -40 -8 -24 
-84 246 -108 -84 -48 -108 -72 -12 -36 246 -36 -36 -60 -60 -108 -60 -12 -36 198 258 -12 -84 186 222 -24 222 -60 -72 234 -48 -132 -24 -72 -12 -24 234 -120 270 -24 -84 -24 -24 -108 -12 -60 -12 -36 
-42 -63 269 -28 -63 -42 -7 -21 276 -21 -21 -35 -35 -63 -35 -7 -21 -70 -35 -7 -49 -77 -56 -14 262 -35 -42 -49 -28 241 -14 -42 -7 -14 -49 -70 -28 -14 -49 304 -14 -63 -7 283 -7 -21 
-54 -42 -24 264 -36 -6 -18 -36 -18 -18 -30 -30 -54 -30 -6 -18 258 -30 -6 -42 252 270 -12 -48 -30 -36 -42 -24 -66 -12 -36 -6 -12 276 -60 -24 -12 -42 -12 -12 -54 -6 -30 -6 -18 
-63 -36 -81 -54 309 -27 -54 291 -27 273 -45 -81 -45 309 -27 -90 -45 -9 -63 -99 -72 -18 -72 -45 -54 -63 -36 -99 -18 -54 -9 -18 -63 -90 -36 -18 -63 -18 -18 237 -9 -45 -9 -27 
-28 255 276 -7 -21 276 -21 -21 -35 -35 255 -35 -7 -21 -70 -35 -7 -49 -77 -56 -14 -56 -35 -42 -49 -28 241 -14 -42 -7 -14 -49 248 -28 -14 -49 -14 -14 -63 -7 -35 -7 -21 
-36 -24 -4 -12 -24 -12 -12 -20 -20 -36 298 -4 -12 -40 -20 -4 -28 -44 -32 -8 -32 -20 -24 -28 -16 -44 -8 -24 -4 -8 -28 -40 -16 -8 290 -8 -8 -36 -4 -20 -4 -12 
-54 -9 -27 -54 -27 -27 -45 273 -81 -45 -9 -27 -90 -45 -9 255 -99 246 -18 -72 -45 -54 -63 282 -99 -18 264 -9 -18 255 -90 -36 -18 -63 -18 -18 -81 -9 -45 -9 -27 
-6 -18 -36 -18 -18 -30 -30 264 -30 -6 -18 258 -30 -6 -42 252 -48 -12 -48 -30 -36 -42 -24 252 -12 -36 -6 -12 -42 258 -24 -12 -42 -12 -12 -54 -6 -30 -6 -18 
-3 -6 -3 -3 -5 -5 -9 -5 -1 -3 -10 -5 -1 -7 -11 -8 -2 -8 -5 -6 -7 -4 -11 -2 -6 -1 -2 -7 -10 -4 -2 -7 -2 -2 -9 -1 -5 -1 -3 
-18 -9 -9 -15 -15 -27 -15 -3 -9 -30 -15 -3 297 -33 -24 -6 -24 -15 -18 -21 -12 285 -6 -18 -3 -6 -21 288 -12 -6 -21 -6 -6 -27 -3 -15 -3 -9 
-18 -18 -30 -30 264 -30 -6 -18 -60 -30 -6 -42 -66 -48 -12 -48 -30 -36 -42 -24 252 -12 -36 -6 -12 -42 258 -24 -12 -42 -12 -12 -54 -6 -30 -6 -18 
309 303 -15 -27 -15 -3 -9 -30 -15 -3 -21 -33 -24 -6 -24 -15 -18 -21 -12 -33 -6 -18 -3 -6 -21 -30 -12 -6 -21 -6 -6 -27 -3 -15 -3 -9 
303 -15 -27 -15 -3 -9 -30 -15 -3 -21 -33 -24 -6 -24 -15 -18 -21 -12 -33 -6 -18 -3 -6 -21 -30 -12 -6 -21 -6 -6 -27 -3 -15 -3 -9 
-25 -45 -25 -5 -15 -50 -25 -5 -35 -55 -40 -10 -40 -25 -30 -35 -20 -55 -10 -30 -5 -10 -35 -50 -20 -10 -35 -10 -10 -45 -5 -25 -5 -15 
-45 293 -5 -15 -50 -25 -5 -35 -55 -40 -10 -40 -25 -30 -35 -20 -55 -10 288 -5 -10 -35 -50 -20 -10 -35 -10 -10 -45 -5 -25 -5 -15 
-45 -9 -27 -90 -45 309 -63 -99 -72 -18 -72 -45 -54 255 -36 219 -18 -54 -9 -18 -63 228 282 -18 -63 -18 -18 -81 -9 -45 -9 -27 
-5 -15 -50 -25 -5 -35 -55 -40 -10 -40 -25 288 -35 -20 -55 -10 288 -5 -10 -35 -50 -20 -10 -35 -10 -10 -45 -5 -25 -5 -15 
-3 -10 -5 -1 -7 -11 -8 -2 -8 -5 -6 -7 -4 -11 -2 -6 -1 -2 -7 -10 -4 -2 -7 -2 -2 -9 -1 -5 -1 -3 
-30 -15 -3 -21 -33 -24 -6 -24 -15 -18 -21 -12 -33 -6 -18 -3 -6 -21 -30 -12 -6 -21 -6 -6 -27 -3 -15 315 -9 
268 -10 -70 208 238 -20 238 -50 -60 248 -40 -110 -20 -60 -10 -20 248 -100 -40 -20 -70 -20 -20 -90 -10 -50 -10 -30 
-5 -35 263 -40 -10 -40 -25 -30 -35 298 -55 -10 -30 -5 308 -35 -50 -20 -10 -35 -10 -10 -45 -5 -25 -5 -15 
-7 -11 -8 -2 -8 -5 -6 -7 -4 -11 -2 -6 -1 -2 -7 -10 -4 -2 -7 -2 -2 -9 -1 -5 -1 -3 
241 -56 304 262 -35 -42 -49 -28 -77 -14 -42 -7 -14 -49 -70 -28 -14 -49 -14 -14 -63 -7 283 -7 -21 
-88 -22 230 -55 -66 241 -44 197 -22 -66 -11 -22 -77 -110 -44 -22 -77 -22 -22 -99 -11 -55 -11 285 
-16 -64 -40 -48 262 286 -88 -16 -48 -8 -16 -56 -80 286 -16 -56 -16 -16 -72 310 -40 -8 -24 
-16 -10 -12 -14 -8 -22 -4 -12 -2 -4 -14 -20 -8 -4 -14 -4 -4 300 -2 -10 -2 -6 
-40 -48 -56 -32 -88 -16 -48 -8 -16 -56 -80 286 -16 -56 -16 -16 -72 -8 -40 -8 -24 
-30 -35 -20 -55 -10 -30 -5 -10 -35 -50 -20 -10 283 -10 -10 273 -5 -25 -5 -15 
-42 -24 -66 -12 282 -6 -12 276 -60 -24 -12 -42 -12 -12 -54 -6 -30 -6 -18 
-28 -77 304 -42 -7 -14 -49 -70 -28 304 -49 -14 -14 -63 -7 -35 -7 -21 
-44 -8 -24 -4 -8 -28 -40 -16 -8 -28 -8 -8 -36 -4 -20 -4 -12 
-22 -66 -11 -22 241 208 -44 -22 -77 -22 -22 -99 -11 263 -11 -33 
-12 -2 314 -14 -20 -8 -4 -14 -4 -4 -18 -2 -10 -2 -6 
-6 -12 -42 -60 -24 -12 -42 -12 -12 -54 -6 -30 -6 -18 
-2 -7 -10 -4 -2 -7 -2 -2 309 -1 -5 -1 -3 
-14 -20 -8 -4 -14 -4 -4 -18 -2 -10 -2 -6 
248 -28 -14 -49 -14 -14 -63 -7 -35 -7 -21 
-40 -20 -70 298 -20 -90 -10 -50 -10 -30 
-8 -28 -8 -8 -36 -4 -20 -4 -12 
-14 -4 -4 -18 -2 -10 -2 312 
-14 -14 255 -7 -35 -7 -21 
-4 -18 -2 -10 -2 -6 
-18 -2 -10 -2 -6 
-9 -45 -9 -27 
-5 -1 -3 
-5 -15 
-3 

