115
1082 -144 -144 1094 -144 -144 -144 -132 1094 -120 -120 -120 -132 -120 -144 1094 -132 -132 -132 -132 -132 -132 1094 -120 -132 -120 -132 -108 -132 -132 -132 -132 1106 -132 1094 -96 -132 -132 -132 -132 1106 -84 -132 -132 -132 -132 -132 -132 -132 -108 -132 -120 -144 -120 -132 -120 -120 -120 -96 -132 -132 -132 -108 -132 1094 -132 -144 -132 -132 -132 -120 -132 -132 -132 -120 -132 -132 -132 -132 -132 -132 -132 -132 -132 -108 -132 -132 -144 -132 1118 -132 -132 1106 -120 -120 -120 -96 -132 -120 -132 -120 -120 -120 1082 -120 -132 -120 -120 -132 -132 -132 -120 -120 -132 
-144 -144 -132 -144 -144 -144 -132 -132 -120 -120 -120 -132 -120 -144 -132 -132 -132 -132 -132 -132 -132 -132 -120 1094 -120 1094 -108 -132 -132 -132 -132 1106 -132 -132 -96 1094 -132 -132 -132 -120 -84 -132 -132 1094 -132 -132 -132 -132 -108 -132 -120 -144 -120 -132 -120 1106 -120 -96 -132 -132 -132 -108 -132 -132 -132 -144 -132 -132 -132 -120 -132 -132 -132 -120 -132 -132 -132 -132 -132 -132 -132 -132 -132 -108 -132 -132 -144 1094 -108 -132 -132 -120 -120 -120 -120 -96 -132 -120 -132 1106 -120 1106 -144 1106 -132 -120 -120 1094 -132 -132 -120 -120 -132 
1082 -132 -144 1082 -144 -132 -132 -120 -120 -120 1094 1106 1082 -132 -132 -132 -132 -132 -132 -132 -132 -120 -132 -120 -132 -108 -132 -132 -132 -132 -120 -132 -132 -96 -132 -132 -132 -132 -120 -84 -132 -132 -132 -132 1094 -132 -132 -108 -132 -120 -144 -120 -132 -120 -120 -120 -96 1094 -132 -132 -108 1094 -132 -132 -144 -132 -132 -132 -120 1094 -132 1094 -120 -132 -132 -132 -132 -132 -132 -132 -132 -132 -108 -132 -132 -144 -132 -108 -132 -132 -120 -120 -120 -120 -96 -132 -120 1094 -120 -120 -120 -144 -120 1094 -120 -120 -132 -132 -132 -120 -120 -132 
-132 1082 -144 -144 -132 -132 -120 1106 -120 -132 -120 -144 -132 -132 -132 -132 -132 -132 -132 -132 -120 -132 1106 -132 -108 -132 -132 -132 -132 -120 -132 -132 -96 -132 -132 -132 1094 -120 -84 -132 -132 -132 -132 -132 -132 -132 -108 -132 1106 -144 -120 -132 -120 -120 1106 -96 -132 -132 -132 -108 -132 -132 -132 -144 -132 -132 -132 -120 1094 -132 1094 -120 -132 -132 -132 -132 -132 1094 -132 -132 1094 -108 -132 -132 -144 -132 -108 -132 -132 -120 -120 -120 -120 -96 -132 -120 -132 -120 1106 -120 -144 -120 -132 -120 -120 -132 -132 -132 -120 -120 -132 
1094 -132 -132 -121 1105 -110 -110 -110 -121 -110 -132 1105 -121 -121 -121 -121 -121 -121 1105 -110 -121 -110 -121 1127 -121 -121 -121 -121 -110 -121 -121 -88 -121 -121 -121 -121 1116 -77 -121 -121 -121 -121 -121 -121 -121 -99 -121 -110 -132 -110 -121 -110 -110 -110 -88 -121 -121 -121 -99 -121 -121 -121 -132 -121 1105 -121 -110 -121 -121 -121 -110 -121 -121 -121 -121 -121 -121 -121 -121 -121 -99 -121 -121 -132 -121 -99 -121 -121 1116 -110 -110 -110 -88 -121 -110 -121 -110 -110 -110 1094 -110 -121 -110 1116 -121 -121 -121 -110 -110 -121 
-144 -144 -132 -132 1106 1106 -120 -132 -120 -144 -132 -132 -132 -132 -132 -132 -132 -132 -120 -132 -120 -132 -108 -132 -132 -132 -132 -120 -132 -132 -96 -132 -132 -132 -132 -120 -84 -132 -132 -132 -132 -132 -132 -132 -108 -132 1106 -144 -120 -132 -120 -120 -120 -96 -132 -132 -132 -108 -132 -132 -132 -144 -132 -132 -132 -120 -132 -132 1094 -120 -132 -132 -132 -132 -132 1094 -132 -132 1094 -108 -132 -132 -144 -132 1118 -132 -132 -120 -120 -120 -120 1130 1094 -120 -132 -120 -120 -120 -144 -120 -132 1106 -120 -132 -132 -132 -120 -120 -132 
1082 -132 -132 -120 -120 -120 -132 -120 -144 -132 -132 -132 -132 -132 -132 -132 -132 -120 -132 -120 -132 -108 -132 -132 -132 1094 -120 -132 -132 -96 -132 -132 1094 -132 -120 -84 -132 -132 -132 -132 1094 -132 -132 -108 -132 -120 -144 -120 1094 -120 -120 1106 -96 1094 -132 -132 -108 1094 -132 -132 -144 -132 -132 -132 -120 -132 -132 -132 -120 -132 -132 -132 -132 -132 -132 -132 -132 -132 1118 -132 -132 -144 -132 -108 -132 -132 -120 -120 -120 -120 -96 -132 -120 1094 -120 -120 -120 -144 -120 1094 -120 -120 -132 -132 -132 -120 -120 -132 
1094 -132 -120 -120 -120 -132 -120 -144 -132 -132 -132 -132 -132 1094 1094 -132 -120 -132 -120 -132 -108 -132 -132 -132 -132 -120 -132 -132 -96 -132 -132 -132 1094 -120 -84 -132 -132 -132 -132 -132 -132 -132 -108 -132 -120 -144 -120 -132 -120 -120 -120 -96 -132 -132 -132 -108 -132 -132 -132 -144 1094 -132 -132 -120 -132 1094 -132 -120 -132 1094 1094 -132 -132 -132 1094 -132 -132 -108 -132 -132 -144 -132 -108 -132 -132 -120 -120 -120 -120 -96 -132 -120 -132 -120 -120 -120 -144 -120 -132 -120 1106 -132 -132 1094 -120 -120 -132 
1105 -110 -110 -110 -121 -110 -132 -121 -121 -121 -121 -121 1105 1105 -121 -110 -121 -110 -121 -99 -121 -121 -121 -121 -110 -121 -121 -88 -121 -121 -121 -121 1116 -77 -121 -121 -121 -121 -121 -121 -121 -99 1105 -110 -132 -110 -121 -110 -110 -110 -88 -121 -121 -121 -99 -121 -121 -121 -132 1105 -121 -121 -110 -121 -121 -121 -110 -121 1105 1105 -121 -121 -121 -121 -121 -121 -99 -121 -121 -132 -121 1127 -121 -121 -110 -110 -110 -110 -88 -121 -110 -121 -110 -110 -110 -132 -110 -121 -110 -110 -121 -121 1105 -110 -110 -121 
-110 -110 -110 -121 -110 -132 1105 -121 -121 -121 -121 -121 1105 1105 -110 -121 -110 -121 -99 -121 -121 -121 -121 -110 -121 -121 -88 -121 -121 -121 -121 1116 -77 -121 -121 -121 -121 -121 -121 -121 -99 -121 -110 -132 -110 -121 -110 -110 -110 -88 -121 -121 -121 -99 1105 -121 -121 -132 -121 -121 -121 -110 -121 -121 -121 -110 -121 -121 -121 -121 -121 -121 -121 -121 -121 -99 -121 -121 -132 -121 -99 -121 -121 1116 -110 -110 -110 -88 -121 -110 -121 -110 -110 -110 1094 -110 -121 -110 1116 -121 -121 -121 -110 -110 -121 
1126 -100 -110 -100 -120 -110 -110 -110 -110 -110 -110 -110 -110 -100 -110 -100 -110 -90 -110 -110 -110 -110 -100 -110 -110 -80 -110 -110 -110 -110 -100 -70 -110 -110 -110 -110 -110 -110 -110 -90 -110 -100 -120 -100 -110 -100 -100 -100 -80 1116 -110 -110 -90 -110 -110 -110 -120 -110 -110 -110 -100 1116 -110 1116 -100 -110 -110 -110 -110 -110 1116 -110 -110 1116 -90 -110 -110 -120 -110 -90 -110 -110 -100 -100 -100 -100 -80 1116 -100 -110 -100 1126 -100 -120 -100 -110 1126 -100 -110 -110 -110 -100 -100 -110 
-100 -110 -100 -120 -110 -110 -110 -110 -110 -110 -110 -110 1126 -110 -100 -110 1136 -110 -110 -110 -110 -100 -110 -110 -80 -110 -110 -110 -110 -100 -70 -110 -110 -110 -110 -110 -110 -110 1136 -110 -100 -120 -100 -110 -100 -100 -100 -80 -110 -110 -110 -90 -110 -110 -110 -120 -110 1116 -110 -100 -110 -110 -110 -100 -110 -110 -110 -110 -110 -110 -110 -110 -110 -90 -110 -110 -120 -110 1136 -110 -110 -100 -100 -100 -100 1146 -110 -100 -110 -100 -100 -100 1106 -100 -110 -100 -100 -110 -110 -110 -100 -100 -110 
1116 1126 -120 -110 1116 1116 -110 -110 -110 -110 -110 -100 -110 1126 -110 -90 -110 -110 -110 -110 -100 1116 -110 1146 -110 1116 -110 -110 -100 -70 1116 -110 -110 -110 -110 -110 -110 -90 -110 -100 -120 -100 -110 -100 -100 -100 -80 -110 -110 -110 -90 -110 -110 -110 -120 -110 -110 -110 -100 -110 -110 -110 -100 -110 -110 -110 -110 -110 -110 -110 -110 -110 1136 -110 -110 -120 -110 -90 -110 -110 -100 -100 -100 -100 -80 -110 -100 -110 -100 -100 -100 -120 -100 -110 -100 -100 -110 -110 -110 -100 -100 -110 
-110 1094 -121 -121 -121 -121 -121 -121 -121 -121 -110 -121 -110 -121 -99 -121 -121 -121 1105 -110 -121 -121 -88 -121 -121 1105 -121 -110 -77 -121 -121 1105 -121 -121 -121 -121 -99 -121 -110 -132 -110 -121 -110 -110 -110 -88 1105 -121 -121 -99 1105 -121 -121 -132 -121 -121 -121 -110 -121 -121 -121 -110 -121 -121 -121 -121 -121 -121 -121 -121 -121 -99 -121 -121 -132 -121 -99 -121 -121 -110 -110 -110 -110 -88 -121 -110 1105 -110 -110 -110 -132 -110 1105 -110 -110 -121 1105 -121 -110 -110 -121 
1106 -110 -110 -110 -110 -110 -110 -110 -110 -100 -110 1126 -110 -90 -110 -110 -110 -110 -100 -110 -110 -80 -110 1116 -110 -110 -100 -70 1116 -110 -110 -110 -110 -110 -110 -90 -110 -100 -120 1126 -110 -100 -100 -100 -80 -110 -110 -110 -90 -110 -110 -110 -120 -110 -110 -110 1126 -110 -110 -110 -100 -110 -110 -110 -110 -110 -110 -110 -110 -110 1136 -110 -110 -120 -110 -90 -110 -110 -100 -100 -100 -100 -80 -110 1126 -110 -100 -100 -100 -120 -100 -110 -100 -100 -110 -110 -110 -100 -100 -110 
-132 -132 -132 -132 -132 -132 -132 -132 -120 -132 -120 -132 -108 -132 -132 -132 1094 -120 -132 -132 -96 -132 -132 1094 -132 -120 -84 -132 -132 -132 -132 1094 -132 -132 -108 -132 -120 -144 -120 -132 -120 -120 -120 -96 1094 -132 -132 -108 -132 -132 -132 -144 1094 -132 -132 -120 -132 -132 -132 -120 -132 -132 -132 -132 -132 -132 -132 -132 -132 -108 -132 -132 -144 -132 -108 -132 1094 -120 -120 -120 -120 -96 -132 -120 1094 -120 -120 -120 -144 -120 1094 -120 -120 -132 -132 -132 -120 -120 1094 
1105 -121 -121 -121 -121 -121 1105 -110 -121 -110 -121 -99 -121 -121 -121 -121 -110 -121 -121 -88 -121 1105 -121 -121 1116 -77 -121 -121 -121 -121 -121 -121 -121 -99 -121 -110 -132 -110 -121 -110 -110 -110 -88 -121 -121 -121 -99 -121 -121 -121 1094 -121 -121 -121 -110 -121 -121 -121 -110 -121 -121 -121 -121 -121 1105 -121 -121 -121 -99 -121 -121 -132 -121 -99 -121 -121 1116 -110 -110 -110 -88 -121 -110 -121 -110 -110 -110 1094 -110 -121 -110 -110 -121 -121 -121 -110 -110 -121 
-121 -121 1105 -121 -121 -121 -110 -121 -110 1105 -99 -121 -121 -121 -121 -110 -121 -121 -88 -121 -121 -121 -121 -110 -77 -121 -121 -121 -121 -121 -121 -121 -99 -121 -110 -132 -110 -121 -110 -110 1116 -88 -121 -121 1105 -99 -121 1105 -121 -132 -121 -121 -121 -110 -121 -121 -121 -110 -121 -121 -121 -121 -121 -121 -121 -121 -121 -99 -121 1105 -132 -121 -99 -121 -121 -110 -110 1116 1116 -88 -121 -110 -121 -110 -110 -110 -132 -110 -121 -110 -110 -121 -121 -121 -110 1116 -121 
1105 -121 -121 -121 -121 -110 -121 -110 -121 -99 -121 -121 1105 -121 -110 1105 -121 1138 -121 1105 -121 -121 -110 1149 -121 -121 -121 -121 -121 -121 -121 -99 -121 -110 -132 1116 -121 -110 -110 -110 -88 -121 1105 -121 -99 -121 -121 -121 -132 -121 -121 -121 1116 -121 -121 -121 -110 -121 -121 -121 -121 -121 -121 -121 -121 -121 -99 -121 -121 -132 -121 -99 -121 -121 -110 -110 -110 -110 -88 -121 1116 -121 -110 -110 -110 -132 -110 -121 -110 -110 -121 -121 -121 -110 -110 -121 
-121 -121 -121 -121 -110 -121 -110 -121 -99 1105 1105 -121 -121 1116 -121 1105 1138 -121 -121 -121 -121 -110 -77 -121 1105 -121 -121 -121 -121 -121 -99 -121 -110 -132 -110 1105 -110 -110 -110 -88 -121 -121 -121 -99 -121 -121 -121 -132 -121 -121 -121 -110 -121 -121 -121 -110 -121 -121 -121 1105 -121 -121 -121 -121 -121 -99 -121 -121 -132 -121 -99 -121 -121 -110 1116 -110 -110 -88 -121 -110 -121 1116 -110 -110 -132 -110 -121 -110 -110 -121 -121 -121 -110 -110 -121 
1105 -121 -121 -110 -121 -110 -121 -99 -121 -121 -121 -121 -110 -121 -121 1138 -121 -121 -121 -121 -110 -77 -121 -121 -121 -121 -121 -121 -121 -99 -121 -110 -132 -110 -121 -110 -110 -110 -88 -121 -121 1105 -99 -121 1105 -121 -132 -121 -121 1105 -110 -121 -121 -121 1116 1105 -121 -121 -121 -121 -121 -121 -121 -121 -99 -121 1105 -132 -121 -99 -121 -121 -110 -110 -110 1116 -88 -121 -110 -121 -110 -110 -110 -132 -110 -121 -110 -110 -121 -121 -121 -110 1116 -121 
1105 -121 -110 -121 -110 -121 -99 -121 -121 -121 1105 -110 -121 -121 -88 -121 -121 -121 -121 -110 -77 -121 -121 -121 1105 -121 -121 -121 -99 1105 -110 -132 -110 -121 -110 -110 -110 -88 -121 -121 -121 -99 -121 -121 -121 -132 1105 -121 -121 -110 -121 -121 -121 -110 -121 1105 -121 -121 -121 -121 -121 -121 -121 -99 -121 -121 -132 -121 -99 -121 -121 -110 -110 -110 -110 -88 -121 -110 -121 -110 -110 -110 -132 -110 -121 -110 1116 -121 -121 1105 -110 -110 -121 
1105 -110 -121 -110 -121 -99 -121 -121 -121 -121 -110 -121 -121 -88 -121 -121 -121 -121 -110 -77 -121 -121 -121 -121 1105 -121 -121 -99 1105 -110 -132 -110 -121 -110 -110 -110 -88 -121 -121 -121 -99 -121 -121 -121 -132 1105 -121 -121 -110 -121 -121 -121 -110 -121 1105 1105 -121 -121 -121 -121 -121 -121 -99 -121 -121 -132 -121 -99 -121 -121 -110 -110 -110 -110 -88 -121 -110 -121 -110 -110 -110 -132 -110 -121 -110 1116 -121 -121 -121 -110 -110 -121 
-110 -121 -110 -121 -99 -121 -121 -121 -121 -110 -121 -121 -88 -121 -121 -121 -121 1116 -77 -121 -121 -121 -121 -121 -121 -121 -99 -121 -110 -132 -110 -121 -110 -110 -110 -88 -121 -121 -121 -99 -121 -121 -121 -132 -121 -121 -121 -110 -121 -121 -121 -110 -121 -121 1105 -121 -121 -121 -121 -121 -121 -99 -121 -121 -132 -121 1127 -121 -121 1116 -110 -110 -110 -88 -121 -110 -121 -110 -110 -110 1094 -110 -121 -110 -110 -121 -121 1105 -110 -110 -121 
1116 -100 -110 1136 -110 -110 -110 -110 -100 -110 -110 -80 -110 -110 -110 -110 -100 -70 -110 -110 -110 -110 -110 -110 -110 1136 -110 -100 -120 -100 -110 -100 -100 -100 -80 -110 -110 -110 -90 -110 -110 1116 -120 -110 1116 -110 -100 -110 -110 -110 -100 -110 -110 -110 -110 -110 -110 -110 -110 1116 -90 -110 1116 -120 -110 1136 -110 -110 -100 -100 -100 -100 -80 -110 -100 -110 -100 -100 -100 -120 -100 -110 -100 -100 -110 1116 -110 -100 -100 -110 
-110 -121 -99 -121 -121 -121 -121 1116 -121 -121 -88 1105 -121 -121 -121 -110 -77 -121 -121 1105 -121 -121 -121 -121 -99 -121 -110 1094 -110 -121 -110 -110 -110 -88 -121 -121 -121 -99 -121 -121 -121 -132 -121 -121 -121 -110 -121 -121 -121 -110 -121 -121 -121 -121 -121 -121 -121 -121 -121 -99 -121 -121 -132 1105 -99 -121 -121 -110 -110 -110 -110 -88 -121 -110 -121 -110 -110 1116 -132 1116 1105 -110 -110 1105 -121 -121 -110 -110 -121 
1116 -90 -110 -110 -110 -110 -100 1116 -110 -80 -110 1116 -110 -110 -100 1156 1116 -110 -110 -110 -110 -110 -110 -90 -110 -100 -120 -100 -110 -100 -100 -100 -80 -110 1116 -110 -90 -110 -110 -110 -120 -110 -110 -110 -100 -110 -110 -110 -100 -110 -110 -110 -110 -110 -110 -110 -110 -110 1136 -110 -110 -120 -110 -90 -110 -110 -100 -100 -100 -100 -80 -110 -100 -110 -100 -100 -100 -120 -100 -110 -100 -100 -110 -110 -110 -100 -100 -110 
-99 -121 -121 -121 -121 -110 -121 -121 -88 -121 -121 -121 -121 -110 -77 -121 -121 -121 -121 -121 -121 -121 -99 -121 -110 -132 -110 -121 1116 -110 -110 -88 -121 -121 1105 1127 -121 1105 -121 -132 -121 -121 1105 -110 -121 -121 -121 -110 1105 -121 -121 -121 -121 -121 -121 -121 -121 -99 -121 -121 -132 -121 -99 -121 -121 -110 -110 1116 1116 -88 -121 -110 -121 -110 -110 -110 -132 -110 -121 -110 -110 -121 -121 -121 -110 -110 -121 
-99 -99 -99 -99 -90 -99 -99 -72 -99 1127 -99 -99 -90 -63 -99 -99 -99 -99 -99 -99 -99 1145 -99 -90 -108 -90 -99 -90 -90 -90 -72 -99 -99 -99 -81 -99 -99 -99 -108 -99 1127 -99 -90 -99 -99 -99 -90 -99 -99 1127 -99 -99 -99 -99 -99 -99 -81 -99 -99 -108 -99 1145 -99 -99 -90 -90 -90 -90 -72 -99 -90 -99 -90 -90 -90 -108 -90 -99 -90 -90 -99 -99 -99 -90 1136 -99 
1105 -121 -121 -110 -121 1105 -88 -121 -121 -121 -121 -110 1149 -121 -121 -121 -121 -121 -121 -121 -99 -121 -110 -132 -110 1105 -110 -110 -110 -88 -121 -121 -121 -99 -121 -121 -121 -132 -121 -121 -121 -110 -121 -121 -121 -110 -121 -121 -121 1105 1105 -121 1105 -121 -121 -99 -121 -121 -132 -121 -99 1105 -121 -110 1116 -110 -110 -88 -121 -110 -121 1116 -110 -110 -132 -110 -121 -110 -110 -121 -121 -121 -110 -110 -121 
-121 -121 -110 -121 1105 -88 -121 -121 -121 -121 -110 -77 -121 1105 -121 -121 -121 -121 -121 1127 -121 -110 -132 -110 1105 -110 -110 -110 -88 -121 -121 -121 -99 -121 -121 -121 -132 -121 -121 -121 -110 -121 -121 -121 -110 -121 -121 -121 1105 -121 -121 1105 -121 -121 -99 -121 -121 -132 -121 -99 -121 -121 -110 1116 -110 -110 -88 -121 -110 -121 1116 -110 -110 -132 -110 -121 -110 -110 1105 -121 -121 -110 -110 -121 
1105 -110 1105 -121 -88 -121 -121 -121 -121 -110 -77 1105 -121 -121 -121 -121 -121 -121 -99 -121 -110 -132 1116 1105 -110 -110 -110 -88 -121 1105 -121 -99 -121 -121 -121 -132 -121 -121 -121 1116 -121 -121 -121 -110 -121 -121 -121 1105 -121 -121 -121 -121 -121 1127 -121 -121 -132 -121 -99 -121 -121 -110 -110 -110 -110 -88 -121 1116 -121 -110 -110 -110 -132 -110 -121 -110 -110 -121 -121 -121 -110 -110 -121 
-110 -121 -121 -88 -121 -121 1105 -121 -110 -77 -121 -121 -121 -121 1105 -121 1105 -99 -121 -110 -132 -110 -121 -110 -110 -110 -88 -121 -121 -121 -99 1105 -121 -121 -132 -121 -121 -121 -110 -121 -121 -121 -110 -121 -121 -121 -121 -121 -121 -121 -121 -121 -99 -121 -121 -132 -121 -99 -121 -121 -110 -110 -110 -110 -88 -121 -110 1105 -110 -110 -110 -132 -110 1105 -110 -110 -121 -121 -121 -110 -110 -121 
-110 -110 -80 1116 -110 -110 -110 -100 -70 -110 -110 1116 -110 -110 -110 -110 -90 -110 -100 -120 -100 -110 -100 -100 -100 -80 -110 -110 -110 -90 -110 -110 -110 -120 -110 -110 -110 -100 -110 -110 -110 -100 -110 -110 -110 -110 -110 -110 -110 -110 -110 -90 -110 -110 -120 1116 -90 -110 -110 -100 -100 -100 -100 -80 -110 -100 -110 -100 -100 1126 -120 1126 -110 -100 -100 1116 -110 -110 -100 -100 -110 
1105 -88 -121 -121 -121 -121 -110 1149 -121 -121 -121 -121 -121 -121 -121 -99 -121 -110 -132 1116 -121 -110 -110 -110 -88 -121 1105 -121 -99 -121 -121 -121 -132 -121 -121 -121 1116 -121 -121 -121 -110 -121 -121 -121 -121 -121 -121 -121 -121 -121 -99 -121 -121 -132 -121 -99 -121 -121 -110 1116 -110 -110 -88 -121 1116 -121 -110 -110 -110 -132 -110 -121 -110 -110 -121 -121 -121 -110 -110 -121 
-88 -121 -121 -121 -121 -110 -77 -121 1105 -121 -121 -121 -121 -121 -99 -121 -110 -132 -110 1105 -110 -110 -110 -88 -121 -121 -121 -99 -121 -121 -121 -132 -121 -121 -121 -110 -121 -121 -121 -110 -121 -121 -121 1105 -121 -121 -121 -121 -121 -99 -121 -121 -132 -121 -99 -121 1105 -110 1116 -110 -110 -88 -121 -110 -121 1116 -110 -110 -132 -110 -121 -110 -110 -121 -121 -121 -110 -110 -121 
1138 -88 -88 -88 -80 -56 1138 -88 -88 -88 -88 -88 -88 -72 -88 -80 -96 -80 -88 -80 -80 1146 1162 -88 -88 -88 -72 -88 -88 -88 -96 -88 -88 -88 -80 -88 -88 -88 -80 -88 -88 -88 -88 -88 -88 -88 -88 -88 -72 -88 -88 -96 -88 -72 -88 -88 -80 -80 -80 -80 -64 -88 -80 -88 -80 -80 -80 -96 -80 -88 -80 -80 -88 -88 -88 -80 -80 -88 
-121 -121 -121 -110 -77 -121 -121 1105 -121 -121 -121 -121 -99 -121 -110 -132 -110 -121 -110 -110 -110 -88 -121 -121 -121 -99 -121 -121 -121 -132 -121 -121 -121 -110 -121 -121 -121 -110 -121 -121 -121 -121 1105 -121 -121 -121 -121 -99 -121 -121 -132 1105 -99 -121 -121 -110 -110 1116 -110 -88 -121 -110 -121 -110 -110 1116 -132 1116 -121 -110 -110 1105 -121 -121 -110 -110 -121 
1105 -121 -110 -77 1105 -121 -121 -121 -121 -121 -121 -99 -121 -110 -132 1116 -121 -110 -110 -110 -88 -121 -121 -121 -99 -121 -121 -121 -132 -121 -121 -121 1116 -121 -121 -121 -110 -121 -121 -121 -121 -121 -121 -121 -121 -121 1127 -121 -121 -132 -121 -99 -121 -121 -110 -110 -110 -110 -88 -121 -110 -121 -110 -110 -110 -132 -110 -121 -110 -110 -121 -121 -121 -110 -110 -121 
-121 -110 -77 -121 -121 -121 -121 1105 -121 -121 -99 -121 -110 -132 1116 -121 -110 -110 -110 -88 1105 -121 -121 -99 -121 -121 -121 -132 -121 -121 -121 -110 -121 -121 -121 -110 -121 -121 -121 -121 -121 -121 1105 -121 -121 -99 -121 -121 -132 -121 -99 -121 -121 -110 -110 -110 -110 -88 -121 -110 1105 -110 -110 -110 -132 -110 1105 -110 -110 -121 -121 -121 -110 -110 -121 
1116 -77 -121 -121 -121 -121 -121 -121 -121 -99 1105 1116 -132 -110 -121 -110 -110 -110 -88 -121 -121 -121 -99 -121 -121 -121 -132 -121 -121 -121 -110 1105 -121 1105 -110 -121 -121 -121 -121 -121 1105 -121 -121 -121 -99 -121 -121 -132 -121 -99 -121 -121 -110 -110 -110 -110 -88 1105 -110 -121 -110 1116 -110 -132 -110 -121 1116 -110 -121 -121 -121 -110 -110 -121 
-70 -110 -110 -110 -110 -110 -110 -110 -90 -110 -100 -120 -100 -110 -100 -100 -100 -80 -110 -110 -110 -90 -110 -110 -110 1106 -110 -110 -110 -100 -110 -110 -110 -100 -110 -110 -110 -110 -110 -110 -110 -110 -110 -90 -110 -110 -120 -110 -90 -110 -110 1126 -100 -100 -100 -80 -110 -100 -110 -100 -100 -100 1106 -100 -110 -100 -100 -110 -110 -110 -100 -100 -110 
1149 -77 -77 -77 -77 -77 -77 -63 -77 -70 -84 -70 -77 -70 1156 -70 -56 -77 -77 -77 1163 -77 -77 -77 -84 -77 -77 -77 -70 -77 -77 -77 -70 -77 -77 -77 -77 -77 -77 -77 -77 -77 -63 -77 -77 -84 -77 -63 -77 -77 -70 -70 -70 -70 -56 -77 -70 -77 -70 -70 -70 -84 -70 -77 -70 -70 -77 -77 -77 -70 -70 -77 
-121 -121 -121 -121 -121 -121 -99 -121 -110 -132 -110 -121 -110 -110 -110 -88 -121 1105 -121 -99 -121 -121 -121 -132 -121 -121 1105 -110 -121 -121 -121 -110 -121 -121 -121 1105 -121 -121 -121 -121 -121 1127 -121 -121 -132 -121 -99 -121 -121 -110 -110 -110 -110 -88 -121 -110 -121 -110 -110 -110 -132 -110 -121 -110 -110 -121 -121 -121 -110 -110 -121 
1105 -121 -121 1105 -121 -99 -121 -110 -132 -110 -121 -110 1116 -110 -88 -121 -121 -121 -99 -121 -121 1105 -132 -121 -121 -121 -110 -121 -121 -121 1116 -121 -121 -121 -121 -121 -121 -121 -121 -121 -99 1105 -121 -132 -121 -99 1105 -121 -110 -110 -110 -110 -88 -121 -110 -121 -110 -110 -110 -132 -110 -121 -110 -110 -121 -121 -121 1116 -110 -121 
-121 -121 -121 -121 -99 -121 -110 -132 -110 -121 -110 -110 -110 -88 -121 -121 1105 -99 -121 -121 -121 -132 -121 -121 -121 -110 -121 -121 -121 -110 -121 -121 -121 -121 -121 -121 -121 -121 -121 -99 -121 -121 -132 1105 -99 -121 -121 -110 -110 -110 -110 -88 -121 -110 -121 -110 -110 1116 -132 1116 -121 -110 -110 1105 -121 -121 -110 -110 -121 
1105 -121 1105 -99 -121 -110 1094 -110 -121 -110 -110 -110 -88 -121 -121 -121 -99 -121 -121 -121 1094 -121 -121 -121 -110 -121 1105 -121 -110 -121 -121 -121 -121 -121 -121 -121 1105 -121 -99 -121 -121 1094 -121 -99 -121 -121 -110 -110 -110 -110 -88 -121 -110 -121 -110 -110 -110 -132 -110 -121 -110 -110 -121 1105 1105 -110 -110 1105 
-121 -121 -99 -121 -110 -132 -110 -121 -110 -110 -110 -88 1105 1105 -121 -99 1105 -121 -121 -132 -121 -121 -121 -110 -121 -121 -121 -110 -121 -121 -121 -121 -121 -121 -121 -121 -121 -99 -121 -121 -132 -121 -99 -121 -121 -110 -110 -110 -110 -88 -121 -110 1105 -110 -110 -110 -132 -110 -121 -110 -110 -121 -121 -121 -110 -110 -121 
1105 -99 -121 -110 1094 -110 -121 -110 1116 -110 -88 -121 -121 -121 -99 -121 -121 1105 -132 -121 -121 -121 -110 -121 -121 -121 1116 -121 -121 -121 -121 -121 -121 -121 -121 -121 -99 1105 -121 -132 -121 -99 1105 1105 -110 -110 -110 1116 -88 1105 -110 -121 -110 -110 -110 -132 -110 -121 -110 -110 -121 -121 -121 -110 -110 -121 
-99 -121 -110 1094 -110 -121 -110 -110 -110 -88 -121 -121 -121 -99 -121 -121 -121 1094 -121 -121 -121 -110 -121 1105 -121 -110 -121 -121 -121 -121 -121 -121 -121 1105 1105 -99 -121 -121 1094 -121 -99 -121 -121 -110 -110 -110 -110 -88 -121 -110 -121 -110 -110 -110 -132 -110 -121 -110 -110 -121 1105 -121 -110 -110 1105 
1127 -90 -108 -90 -99 -90 -90 -90 -72 -99 -99 -99 -81 -99 -99 -99 -108 1127 1127 -99 -90 -99 -99 -99 -90 -99 -99 1127 -99 -99 -99 -99 -99 -99 -81 -99 -99 -108 -99 1145 -99 -99 -90 -90 -90 -90 -72 -99 -90 -99 -90 -90 -90 -108 -90 -99 -90 -90 -99 -99 -99 -90 -90 -99 
-110 -132 -110 -121 -110 -110 -110 -88 -121 -121 -121 -99 -121 -121 -121 -132 1105 -121 -121 -110 -121 -121 -121 -110 -121 1105 1105 -121 -121 -121 -121 -121 -121 -99 -121 -121 -132 -121 -99 -121 -121 -110 -110 -110 -110 -88 -121 -110 -121 1116 -110 -110 -132 -110 -121 -110 1116 -121 -121 1105 -110 -110 -121 
1106 -100 -110 -100 -100 -100 -80 -110 -110 -110 -90 -110 -110 -110 -120 -110 -110 -110 -100 1116 -110 1116 -100 -110 -110 -110 -110 -110 -110 -110 -110 1116 -90 -110 -110 -120 -110 -90 -110 -110 -100 -100 -100 -100 -80 1116 -100 -110 -100 1126 -100 -120 -100 -110 -100 -100 -110 -110 -110 1126 -100 -110 
-120 -132 -120 -120 -120 -96 -132 -132 -132 -108 -132 -132 -132 1082 -132 -132 -132 -120 -132 1094 -132 -120 -132 -132 -132 -132 -132 -132 -132 1094 -132 -108 1094 -132 1082 -132 -108 -132 -132 -120 -120 -120 -120 -96 -132 -120 -132 -120 -120 -120 -144 -120 -132 -120 -120 -132 1094 -132 -120 -120 1094 
1116 -100 -100 -100 -80 -110 1116 -110 -90 -110 -110 -110 -120 -110 -110 -110 1126 -110 -110 -110 -100 -110 -110 -110 -110 -110 -110 -110 -110 -110 -90 -110 -110 -120 -110 -90 -110 -110 -100 -100 -100 -100 -80 -110 1126 -110 -100 -100 -100 -120 -100 -110 -100 -100 -110 -110 -110 -100 -100 -110 
-110 -110 -110 -88 -121 -121 -121 -99 -121 -121 -121 -132 -121 -121 -121 -110 -121 -121 -121 -110 -121 -121 -121 1105 -121 -121 -121 -121 -121 -99 -121 -121 -132 1105 -99 -121 -121 -110 1116 -110 -110 -88 -121 -110 -121 1116 -110 -110 -132 -110 -121 -110 -110 -121 -121 -121 -110 -110 -121 
1126 -100 -80 -110 -110 1116 -90 -110 1116 -110 -120 -110 -110 1116 -100 -110 -110 -110 -100 1116 -110 -110 -110 -110 -110 -110 -110 -110 -90 -110 1116 -120 -110 -90 -110 -110 -100 -100 1126 1126 -80 -110 -100 -110 -100 -100 -100 -120 -100 1116 -100 -100 -110 -110 -110 -100 -100 -110 
-100 -80 -110 -110 -110 -90 -110 -110 -110 -120 -110 -110 -110 -100 -110 -110 -110 1126 -110 -110 -110 -110 -110 -110 -110 -110 -110 -90 1116 -110 -120 -110 -90 1116 1116 -100 -100 -100 -100 -80 -110 -100 -110 -100 -100 -100 -120 -100 -110 -100 -100 -110 -110 -110 1126 -100 -110 
1146 -110 -110 -110 1136 -110 -110 -110 -120 -110 -110 -110 -100 -110 -110 -110 -100 -110 -110 -110 -110 -110 -110 -110 -110 -110 -90 -110 -110 1106 -110 -90 -110 -110 -100 -100 -100 -100 1146 -110 -100 -110 1126 -100 -100 -120 -100 -110 -100 -100 -110 -110 -110 -100 -100 1116 
1138 -88 -88 1154 -88 -88 1138 -96 -88 -88 -88 -80 -88 -88 -88 -80 1138 -88 -88 -88 -88 -88 -88 -88 -88 -72 -88 -88 -96 -88 -72 -88 -88 -80 -80 -80 -80 1162 -88 -80 -88 -80 -80 -80 -96 -80 -88 -80 -80 -88 -88 -88 -80 1146 -88 
-121 -121 -99 1105 -121 -121 -132 -121 -121 -121 1116 -121 -121 -121 -110 -121 -121 -121 -121 -121 -121 -121 -121 -121 -99 -121 -121 -132 -121 -99 -121 -121 -110 -110 -110 -110 -88 -121 -110 -121 -110 -110 -110 -132 -110 1105 -110 -110 -121 -121 -121 -110 -110 -121 
1105 -99 -121 -121 -121 -132 -121 -121 -121 1116 -121 -121 -121 -110 -121 -121 -121 -121 -121 -121 -121 -121 -121 -99 -121 -121 -132 -121 -99 -121 1105 -110 -110 -110 -110 -88 -121 1116 -121 -110 -110 -110 -132 -110 -121 -110 -110 -121 -121 -121 -110 -110 -121 
-99 -121 -121 -121 -132 -121 -121 1105 -110 -121 -121 -121 -110 1105 -121 -121 -121 -121 -121 -121 -121 -121 -99 -121 1105 -132 -121 -99 -121 -121 -110 -110 1116 -110 -88 -121 -110 -121 -110 -110 -110 -132 1116 -121 -110 -110 -121 -121 -121 -110 -110 -121 
1127 1127 -99 -108 -99 -99 -99 -90 -99 -99 -99 -90 -99 -99 -99 -99 -99 -99 -99 -99 -99 -81 -99 -99 -108 -99 -81 -99 -99 -90 -90 -90 -90 1154 -99 -90 -99 -90 -90 -90 -108 -90 -99 -90 -90 1127 -99 -99 1136 -90 -99 
-121 -121 -132 -121 -121 -121 -110 -121 -121 -121 -110 -121 -121 -121 -121 -121 -121 -121 -121 -121 -99 -121 -121 -132 -121 -99 -121 -121 -110 -110 -110 -110 -88 -121 -110 1105 -110 -110 -110 -132 -110 1105 -110 -110 -121 -121 1105 -110 -110 -121 
1105 -132 -121 -121 1105 -110 -121 -121 -121 -110 -121 -121 -121 -121 -121 -121 -121 -121 -121 -99 -121 1105 -132 -121 -99 -121 -121 -110 -110 -110 1116 -88 -121 -110 -121 -110 -110 -110 -132 -110 -121 -110 -110 -121 -121 -121 -110 1116 -121 
-132 -121 -121 -121 -110 -121 -121 -121 1116 1105 -121 -121 -121 -121 -121 -121 -121 -121 -99 1105 -121 -132 -121 -99 1105 1105 -110 -110 -110 -110 -88 -121 -110 -121 -110 -110 -110 -132 -110 -121 -110 -110 -121 -121 -121 1116 -110 -121 
1094 -132 -132 -120 -132 1094 -132 -120 -132 -132 -132 -132 -132 -132 -132 1094 -132 -108 -132 -132 1082 -132 -108 -132 -132 -120 -120 -120 -120 -96 -132 -120 -132 -120 -120 -120 1082 -120 -132 -120 -120 -132 1094 -132 -120 -120 1094 
-121 -121 -110 -121 -121 -121 -110 -121 -121 1105 -121 -121 -121 -121 -121 -121 -99 -121 -121 -132 -121 -99 -121 -121 -110 -110 -110 -110 -88 -121 -110 -121 -110 -110 -110 -132 -110 -121 -110 1116 -121 -121 1105 -110 -110 -121 
1105 -110 -121 -121 -121 -110 -121 -121 -121 -121 -121 -121 -121 1105 -121 -99 -121 -121 1094 -121 1127 1105 -121 -110 -110 1116 -110 -88 -121 -110 -121 -110 -110 -110 -132 -110 -121 -110 -110 -121 -121 -121 -110 -110 -121 
-110 -121 -121 -121 -110 1105 -121 -121 -121 -121 -121 -121 -121 -121 -99 -121 -121 -132 -121 -99 -121 -121 -110 -110 1116 -110 -88 -121 -110 -121 -110 -110 1116 -132 -110 -121 -110 -110 -121 -121 -121 -110 1116 -121 
1116 -110 -110 -100 -110 -110 -110 -110 -110 -110 -110 -110 -110 -90 -110 -110 -120 -110 -90 -110 -110 -100 -100 -100 -100 -80 -110 1126 -110 -100 -100 -100 -120 -100 -110 -100 -100 -110 -110 -110 -100 -100 -110 
-121 1105 -110 -121 -121 -121 -121 -121 1105 -121 -121 -121 -99 -121 -121 -132 -121 -99 -121 -121 -110 -110 -110 -110 -88 -121 -110 -121 -110 1116 -110 1094 -110 -121 1116 -110 -121 -121 -121 -110 -110 -121 
1105 -110 -121 1105 -121 -121 -121 -121 -121 1105 -121 -99 -121 -121 1094 -121 -99 -121 -121 -110 -110 -110 -110 -88 -121 -110 -121 -110 -110 -110 -132 -110 -121 -110 -110 -121 1105 -121 -110 -110 1105 
-110 -121 -121 -121 -121 -121 -121 1105 -121 1105 -99 -121 -121 -132 -121 -99 -121 -121 -110 -110 -110 -110 -88 -121 -110 -121 -110 1116 -110 -132 -110 -121 -110 -110 -121 -121 -121 -110 -110 -121 
1116 -110 -110 -110 -110 -110 -110 -110 -110 -90 1116 -110 -120 -110 -90 -110 1116 -100 -100 -100 -100 -80 -110 -100 -110 -100 -100 -100 -120 -100 -110 1126 -100 -110 -110 -110 1126 -100 -110 
-121 -121 -121 -121 -121 -121 -121 -121 -99 -121 -121 -132 -121 -99 -121 -121 -110 -110 1116 1116 -88 -121 -110 -121 -110 -110 -110 -132 -110 -121 -110 -110 -121 -121 -121 -110 1116 -121 
1105 -121 -121 -121 1105 -121 -121 -99 -121 -121 -132 -121 -99 -121 -121 -110 -110 -110 -110 -88 1105 -110 -121 -110 -110 -110 -132 -110 -121 -110 1116 -121 -121 1105 -110 -110 -121 
-121 -121 -121 -121 -121 -121 -99 -121 -121 -132 -121 -99 -121 -121 -110 -110 -110 -110 -88 -121 -110 -121 -110 -110 -110 -132 -110 -121 -110 1116 -121 -121 1105 -110 -110 -121 
1105 -121 -121 -121 -121 -99 -121 -121 -132 -121 -99 -121 -121 -110 1116 -110 -110 -88 -121 -110 -121 1116 -110 -110 -132 -110 -121 -110 -110 1105 -121 -121 -110 -110 -121 
-121 1105 -121 -121 1127 1105 -121 -132 -121 -99 1105 -121 1116 1116 -110 -110 -88 -121 -110 -121 -110 -110 -110 -132 1116 -121 -110 -110 -121 1105 -121 -110 -110 -121 
1105 1105 1105 -99 -121 -121 -132 -121 -99 -121 -121 -110 -110 -110 -110 -88 1105 -110 -121 -110 -110 -110 -132 -110 -121 1116 -110 -121 -121 -121 -110 -110 -121 
-121 -121 -99 -121 -121 -132 -121 -99 -121 -121 1116 1116 -110 -110 -88 -121 -110 1105 -110 -110 -110 -132 -110 -121 -110 -110 -121 -121 -121 -110 -110 -121 
1105 -99 -121 -121 1094 -121 -99 -121 -121 -110 -110 -110 -110 -88 -121 -110 -121 -110 -110 -110 -132 -110 -121 -110 -110 -121 1105 -121 -110 -110 1105 
-99 -121 -121 -132 -121 -99 -121 -121 -110 -110 -110 -110 -88 1105 -110 -121 -110 -110 -110 -132 -110 -121 1116 -110 -121 -121 -121 -110 -110 -121 
-99 -99 -108 -99 -81 -99 -99 -90 -90 -90 -90 -72 -99 1136 -99 -90 -90 -90 -108 -90 -99 -90 -90 -99 -99 -99 -90 -90 -99 
1105 -132 -121 -99 1105 1105 -110 -110 -110 -110 1138 -121 -110 -121 -110 -110 -110 -132 -110 -121 -110 -110 -121 -121 -121 -110 -110 -121 
-132 -121 -99 -121 -121 -110 -110 1116 1116 -88 -121 -110 -121 -110 -110 -110 1094 -110 -121 -110 -110 -121 -121 -121 -110 1116 -121 
1094 -108 -132 -132 -120 -120 -120 -120 -96 -132 -120 -132 -120 -120 -120 -144 -120 -132 1106 -120 -132 1094 -132 -120 -120 1094 
-99 -121 -121 -110 -110 -110 -110 -88 -121 1116 -121 -110 -110 1116 -132 1116 -121 -110 -110 1105 -121 -121 -110 -110 -121 
-99 -99 -90 -90 -90 -90 -72 -99 -90 -99 -90 -90 -90 -108 -90 -99 -90 -90 -99 -99 -99 -90 -90 -99 
1105 1116 -110 -110 -110 -88 -121 -110 -121 -110 -110 -110 -132 -110 -121 -110 -110 -121 -121 -121 1116 -110 -121 
-110 -110 -110 -110 -88 -121 -110 -121 -110 -110 -110 -132 -110 1105 -110 -110 -121 -121 -121 1116 -110 -121 
-100 -100 -100 -80 -110 -100 -110 -100 -100 -100 1106 -100 -110 -100 -100 -110 -110 -110 -100 -100 -110 
-100 -100 -80 -110 -100 -110 1126 -100 -100 -120 -100 -110 -100 -100 -110 -110 -110 -100 -100 -110 
-100 -80 -110 -100 -110 -100 -100 -100 -120 -100 -110 -100 -100 -110 -110 -110 -100 1126 -110 
-80 -110 -100 -110 -100 -100 -100 -120 -100 -110 -100 -100 -110 -110 -110 1126 1126 -110 
1138 -80 -88 -80 -80 -80 -96 -80 -88 -80 -80 -88 -88 -88 1146 -80 -88 
-110 -121 -110 1116 -110 -132 -110 -121 1116 -110 -121 -121 -121 -110 -110 -121 
1116 -100 -100 -100 -120 -100 -110 -100 -100 -110 -110 -110 -100 -100 -110 
-110 1116 -110 -132 -110 -121 -110 -110 -121 -121 -121 -110 -110 -121 
-100 -100 -120 -100 -110 -100 -100 -110 -110 -110 -100 -100 -110 
1126 -120 -100 -110 1126 -100 -110 -110 -110 -100 -100 -110 
-120 1126 -110 -100 -100 1116 -110 -110 -100 -100 -110 
-120 -132 -120 -120 -132 -132 -132 -120 -120 1094 
-110 -100 -100 1116 -110 -110 -100 -100 -110 
-110 -110 -121 -121 -121 -110 -110 -121 
-100 -110 -110 -110 -100 -100 -110 
-110 -110 1116 -100 -100 -110 
-121 -121 -110 -110 -121 
-121 -110 -110 1105 
-110 -110 -121 
-100 -110 
-110 

