34
12 -4 60 108 92 92 92 76 -32 108 140 124 76 -32 -32 -32 124 -32 108 -32 124 -32 -80 -48 -48 -32 -64 -48 -64 -64 60 -192 -272 
66 102 -27 -36 -36 120 -45 -18 -27 -9 -18 111 -18 -18 -18 138 -18 129 -18 138 -18 -45 -27 -27 -18 -36 -27 -36 120 -54 -108 -153 
96 -30 -40 -40 116 106 136 -30 -10 -20 106 -20 -20 -20 -20 -20 -30 -20 -20 -20 -50 -30 -30 -20 116 126 -40 -40 -60 36 -170 
-18 -24 -24 132 -30 -12 -18 -6 144 126 -12 -12 -12 -12 -12 -18 -12 -12 -12 -30 -18 -18 -12 -24 -18 -24 -24 -36 -72 -102 
-12 144 -12 -15 -6 147 -3 -6 -15 -6 -6 -6 -6 -6 -9 -6 -6 -6 -15 -9 -9 -6 -12 -9 -12 -12 -18 -36 -51 
140 -16 -20 -8 144 -4 -8 -20 -8 -8 148 -8 -8 -12 -8 -8 -8 -20 -12 -12 -8 -16 -12 -16 -16 -24 -48 -68 
-16 -20 -8 -12 -4 -8 -20 -8 -8 148 -8 -8 -12 -8 -8 -8 -20 -12 -12 -8 -16 -12 -16 -16 -24 -48 -68 
-20 -8 -12 -4 -8 -20 -8 -8 -8 -8 -8 -12 -8 -8 -8 -20 -12 -12 -8 -16 -12 -16 -16 -24 -48 -68 
-10 -15 -5 -10 -25 -10 -10 -10 -10 -10 -15 -10 -10 -10 -25 -15 -15 -10 -20 -15 -20 136 -30 96 71 
-6 -2 -4 -10 -4 -4 -4 -4 -4 -6 -4 -4 -4 -10 -6 -6 -4 -8 -6 -8 -8 -12 -24 122 
-3 -6 -15 -6 -6 -6 -6 -6 -9 -6 -6 -6 -15 -9 -9 -6 -12 -9 -12 -12 -18 -36 -51 
-2 -5 -2 -2 -2 -2 -2 -3 -2 -2 -2 -5 -3 -3 -2 -4 -3 -4 -4 -6 -12 -17 
-10 -4 -4 -4 -4 -4 -6 -4 -4 -4 -10 -6 -6 -4 -8 -6 -8 -8 -12 -24 -34 
-10 -10 -10 -10 -10 -15 -10 -10 -10 -25 -15 -15 -10 -20 -15 -20 -20 -30 -60 71 
-4 -4 -4 -4 -6 -4 -4 -4 -10 -6 -6 -4 -8 -6 -8 -8 -12 132 122 
-4 -4 -4 -6 -4 -4 -4 -10 -6 -6 -4 -8 -6 -8 -8 -12 132 122 
-4 -4 -6 -4 -4 -4 -10 -6 -6 -4 -8 -6 -8 -8 -12 -24 -34 
-4 -6 -4 -4 -4 -10 -6 -6 -4 -8 -6 -8 -8 -12 -24 -34 
-6 -4 -4 -4 -10 -6 -6 -4 -8 -6 -8 -8 -12 132 122 
-6 -6 -6 -15 -9 -9 -6 -12 -9 -12 -12 -18 -36 105 
-4 -4 -10 -6 -6 -4 -8 -6 -8 -8 -12 132 122 
-4 -10 -6 -6 -4 -8 -6 -8 -8 -12 -24 -34 
-10 -6 -6 -4 -8 -6 -8 -8 -12 132 122 
-15 141 -10 136 -15 136 -20 -30 96 71 
147 -6 144 -9 -12 -12 138 -36 -51 
-6 -12 -9 -12 -12 138 -36 -51 
-8 -6 148 -8 -12 -24 122 
-12 -16 -16 -24 -48 88 
-12 -12 138 -36 105 
-16 -24 108 88 
-24 108 88 
84 54 
-48 

