77
498 478 478 498 498 498 498 498 498 -10 148 -20 -10 -10 -10 -90 -70 -70 -70 -70 -70 -70 -150 -110 -160 -110 -170 -40 -80 -20 -40 -10 -20 -60 -60 -60 -60 -60 -30 -10 -110 -30 -30 -20 -10 -10 -20 -220 -70 -20 -70 -20 -10 -40 -190 -20 -110 -150 -110 -90 -110 -130 -120 -130 -120 -100 -10 -100 -100 -100 -90 -30 -20 -20 -70 -70 
-3 -3 -1 -1 -1 -1 -1 -1 -1 -36 -2 -1 -1 -1 -9 -7 -7 -7 -7 -7 -7 -15 -11 -16 -11 -17 -4 -8 -2 -4 -1 -2 -6 -6 -6 -6 -6 -3 -1 -11 -3 -3 -2 -1 -1 -2 -22 -7 -2 -7 -2 -1 -4 -19 -2 -11 -15 -11 -9 -11 -13 -12 -13 -12 -10 -1 -10 -10 -10 -9 -3 -2 -2 -7 -7 
499 -3 -3 -3 -3 -3 -3 -3 400 -6 -3 -3 -3 -27 -21 -21 -21 -21 -21 -21 -45 -33 -48 -33 -51 -12 -24 -6 -12 -3 -6 -18 -18 -18 -18 -18 -9 -3 -33 -9 -9 -6 -3 -3 -6 -66 -21 -6 -21 -6 -3 -12 -57 -6 -33 -45 -33 -27 -33 -39 -36 -39 -36 -30 -3 -30 -30 -30 -27 -9 -6 -6 -21 -21 
-3 -3 -3 -3 -3 -3 -3 400 -6 -3 -3 -3 -27 -21 -21 -21 -21 -21 -21 -45 -33 -48 -33 -51 -12 -24 -6 -12 -3 -6 -18 -18 -18 -18 -18 -9 -3 -33 -9 -9 -6 -3 -3 -6 -66 -21 -6 -21 -6 -3 -12 -57 -6 -33 -45 -33 -27 -33 -39 -36 -39 -36 -30 -3 -30 -30 -30 -27 -9 -6 -6 -21 -21 
-1 -1 -1 -1 -1 -1 -36 -2 -1 -1 -1 -9 -7 -7 -7 -7 -7 -7 -15 -11 -16 -11 -17 -4 -8 -2 -4 -1 -2 -6 -6 -6 -6 -6 -3 -1 -11 -3 -3 -2 -1 -1 -2 -22 -7 -2 -7 -2 -1 -4 -19 -2 -11 -15 -11 -9 -11 -13 -12 -13 -12 -10 -1 -10 -10 -10 -9 -3 -2 -2 -7 -7 
-1 -1 -1 -1 -1 -36 -2 -1 -1 -1 -9 -7 -7 -7 -7 -7 -7 -15 -11 -16 -11 -17 -4 -8 -2 -4 -1 -2 -6 -6 -6 -6 -6 -3 -1 -11 -3 -3 -2 -1 -1 -2 -22 -7 -2 -7 -2 -1 -4 -19 -2 -11 -15 -11 -9 -11 -13 -12 -13 -12 -10 -1 -10 -10 -10 -9 -3 -2 -2 -7 -7 
-1 -1 -1 -1 -36 -2 -1 -1 -1 -9 -7 -7 -7 -7 -7 -7 -15 -11 -16 -11 -17 -4 -8 -2 -4 -1 -2 -6 -6 -6 -6 -6 -3 -1 -11 -3 -3 -2 -1 -1 -2 -22 -7 -2 -7 -2 -1 -4 -19 -2 -11 -15 -11 -9 -11 -13 -12 -13 -12 -10 -1 -10 -10 -10 -9 -3 -2 -2 -7 -7 
-1 -1 -1 -36 -2 -1 -1 -1 -9 -7 -7 -7 -7 -7 -7 -15 -11 -16 -11 -17 -4 -8 -2 -4 -1 -2 -6 -6 -6 -6 -6 -3 -1 -11 -3 -3 -2 -1 -1 -2 -22 -7 -2 -7 -2 -1 -4 -19 -2 -11 -15 -11 -9 -11 -13 -12 -13 -12 -10 -1 -10 -10 -10 -9 -3 -2 -2 -7 -7 
-1 -1 -36 -2 -1 -1 -1 -9 -7 -7 -7 -7 -7 -7 -15 -11 -16 -11 -17 -4 -8 -2 -4 -1 -2 -6 -6 -6 -6 -6 -3 -1 -11 -3 -3 -2 -1 -1 -2 -22 -7 -2 -7 -2 -1 -4 -19 -2 -11 -15 -11 -9 -11 -13 -12 -13 -12 -10 -1 -10 -10 -10 -9 -3 -2 -2 -7 -7 
-1 -36 -2 -1 -1 -1 -9 -7 -7 -7 -7 -7 -7 -15 -11 -16 -11 -17 -4 -8 -2 -4 -1 -2 -6 -6 -6 -6 -6 -3 -1 -11 -3 -3 -2 -1 -1 -2 -22 -7 -2 -7 -2 -1 -4 -19 -2 -11 -15 -11 -9 -11 -13 -12 -13 -12 -10 -1 -10 -10 -10 -9 -3 -2 -2 -7 -7 
472 -2 -1 -1 -1 -9 -7 -7 -7 -7 -7 -7 -15 -11 -16 -11 -17 -4 -8 -2 -4 -1 -2 -6 -6 -6 -6 -6 -3 -1 -11 -3 -3 -2 -1 -1 -2 -22 -7 -2 -7 -2 -1 -4 -19 -2 -11 -15 -11 -9 -11 -13 -12 -13 -12 -10 -1 -10 -10 -10 -9 -3 -2 -2 -7 -7 
436 472 472 472 -324 -252 -252 -252 -252 -252 -252 -32 112 -68 112 -104 364 220 -72 364 472 436 292 292 292 292 292 -108 -36 -396 -108 400 436 -36 -36 -72 -284 256 -72 256 -72 -36 -144 -176 -72 -396 -32 -396 -324 -396 -468 -432 40 -432 -360 -36 148 148 148 184 400 -72 -72 -252 -252 
-2 -2 -2 -18 -14 -14 -14 -14 -14 -14 478 -22 -32 -22 -34 -8 -16 -4 -8 -2 -4 -12 -12 -12 -12 -12 -6 -2 -22 -6 -6 -4 -2 -2 -4 -44 -14 -4 -14 -4 -2 -8 -38 -4 -22 -30 -22 -18 -22 -26 -24 -26 -24 -20 -2 -20 -20 -20 -18 -6 -4 -4 -14 -14 
-1 -1 -9 -7 -7 -7 -7 -7 -7 -15 -11 -16 -11 -17 -4 -8 -2 -4 -1 -2 -6 -6 -6 -6 -6 -3 -1 -11 -3 -3 -2 -1 -1 -2 -22 -7 -2 -7 -2 -1 -4 -19 -2 -11 -15 -11 -9 -11 -13 -12 -13 -12 -10 -1 -10 -10 -10 -9 -3 -2 -2 -7 -7 
-1 -9 -7 -7 -7 -7 -7 -7 -15 -11 -16 -11 -17 -4 -8 -2 -4 -1 -2 -6 -6 -6 -6 -6 -3 -1 -11 -3 -3 -2 -1 -1 -2 -22 -7 -2 -7 -2 -1 -4 -19 -2 -11 -15 -11 -9 -11 -13 -12 -13 -12 -10 -1 -10 -10 -10 -9 -3 -2 -2 -7 -7 
-9 -7 -7 -7 -7 -7 -7 -15 -11 -16 -11 -17 -4 -8 -2 -4 -1 -2 -6 -6 -6 -6 -6 -3 -1 -11 -3 -3 -2 -1 -1 -2 -22 -7 -2 -7 -2 -1 -4 -19 -2 -11 -15 -11 -9 -11 -13 -12 -13 -12 -10 -1 -10 -10 -10 -9 -3 -2 -2 -7 -7 
445 445 445 445 445 445 373 -99 -144 409 -153 -36 -72 -18 -36 -9 -18 -54 -54 -54 -54 -54 -27 -9 -99 -27 -27 -18 -9 -9 -18 -198 -63 -18 -63 -18 -9 -36 337 -18 -99 -135 -99 -81 -99 -117 -108 -117 -108 -90 -9 -90 -90 -90 -81 -27 -18 -18 -63 -63 
459 459 459 459 459 403 -77 -112 -77 -119 -28 -56 -14 -28 -7 -14 -42 -42 -42 -42 -42 -21 -7 -77 -21 -21 -14 -7 -7 -14 -154 -49 -14 -49 -14 -7 -28 -133 -14 -77 -105 -77 -63 -77 -91 -84 -91 -84 -70 -7 -70 -70 -70 -63 -21 -14 -14 -49 -49 
459 459 459 459 403 -77 -112 -77 -119 -28 -56 -14 -28 -7 -14 -42 -42 -42 -42 -42 -21 -7 -77 -21 -21 -14 -7 -7 -14 -154 -49 -14 -49 -14 -7 -28 -133 -14 -77 -105 -77 -63 -77 -91 -84 -91 -84 -70 -7 -70 -70 -70 -63 -21 -14 -14 -49 -49 
459 459 459 403 -77 -112 -77 -119 -28 -56 -14 -28 -7 -14 -42 -42 -42 -42 -42 -21 -7 -77 -21 -21 -14 -7 -7 -14 -154 -49 -14 -49 -14 -7 -28 -133 -14 -77 -105 -77 -63 -77 -91 -84 -91 -84 -70 -7 -70 -70 -70 -63 -21 -14 -14 -49 -49 
459 459 403 -77 -112 -77 -119 -28 -56 -14 -28 -7 -14 -42 -42 -42 -42 -42 -21 -7 -77 -21 -21 -14 -7 -7 -14 -154 -49 -14 -49 -14 -7 -28 -133 -14 -77 -105 -77 -63 -77 -91 -84 -91 -84 -70 -7 -70 -70 -70 -63 -21 -14 -14 -49 -49 
459 403 -77 -112 -77 -119 -28 -56 -14 -28 -7 -14 -42 -42 -42 -42 -42 -21 -7 -77 -21 -21 -14 -7 -7 -14 -154 -49 -14 -49 -14 -7 -28 -133 -14 -77 -105 -77 -63 -77 -91 -84 -91 -84 -70 -7 -70 -70 -70 -63 -21 -14 -14 -49 -49 
403 -77 -112 -77 -119 -28 -56 -14 -28 -7 -14 -42 -42 -42 -42 -42 -21 -7 -77 -21 -21 -14 -7 -7 -14 -154 -49 -14 -49 -14 -7 -28 -133 -14 -77 -105 -77 -63 -77 -91 -84 -91 -84 -70 -7 -70 -70 -70 -63 -21 -14 -14 -49 -49 
343 268 -165 253 -60 388 478 448 -15 -30 -90 -90 -90 -90 -90 -45 -15 -165 -45 -45 -30 -15 -15 -30 -330 -105 -30 -105 -30 -15 -60 -285 -30 -165 -225 -165 -135 -165 -195 -180 -195 -180 -150 -15 -150 -150 -150 -135 -45 -30 -30 -105 -105 
332 387 321 -44 -88 -22 -44 -11 -22 -66 -66 -66 -66 -66 -33 -11 387 475 -33 -22 -11 -11 -22 -242 -77 486 -77 -22 -11 -44 -209 -22 -121 -165 -121 -99 -121 -143 -132 -143 -132 -110 -11 398 398 398 -99 -33 -22 -22 -77 -77 
332 236 -64 -128 -32 -64 -16 -32 -96 -96 -96 -96 -96 460 492 332 460 -48 -32 -16 -16 -32 156 -112 -32 -112 -32 -16 -64 204 -32 -176 -240 -176 -144 -176 -208 -192 -208 -192 -160 -16 348 348 348 364 -48 -32 -32 396 -112 
321 -44 -88 -22 -44 -11 -22 -66 -66 -66 -66 -66 -33 -11 -121 -33 475 -22 -11 -11 -22 -242 431 -22 431 -22 -11 464 299 -22 -121 -165 -121 -99 -121 -143 -132 -143 -132 -110 -11 -110 -110 -110 -99 475 -22 -22 -77 -77 
440 372 -34 440 -17 474 -102 -102 -102 -102 -102 -51 -17 -187 -51 457 -34 -17 -17 -34 134 -119 -34 -119 -34 -17 -68 -323 -34 -187 253 -187 -153 -187 -221 -204 -221 -204 -170 -17 338 338 338 355 457 -34 -34 -119 -119 
-32 -8 -16 -4 -8 -24 -24 -24 -24 -24 -12 -4 -44 -12 -12 500 504 -4 -8 -88 -28 -8 -28 -8 -4 -16 -76 -8 -44 -60 -44 -36 -44 -52 -48 -52 -48 -40 -4 -40 -40 -40 -36 -12 -8 -8 -28 -28 
-16 -32 -8 -16 460 460 460 460 460 -24 -8 -88 -24 -24 -16 -8 -8 -16 -176 -56 -16 -56 -16 -8 -32 -152 -16 -88 -120 -88 -72 -88 -104 -96 -104 -96 -80 -8 -80 -80 -80 -72 -24 -16 -16 -56 -56 
500 -2 -4 -12 -12 -12 -12 -12 -6 -2 -22 -6 -6 -4 -2 -2 -4 -44 -14 -4 -14 -4 -2 -8 -38 -4 -22 -30 -22 -18 -22 -26 -24 -26 -24 -20 -2 -20 -20 -20 -18 -6 -4 -4 -14 -14 
-4 -8 -24 -24 -24 -24 -24 -12 -4 -44 -12 -12 -8 -4 -4 -8 -88 -28 -8 -28 -8 -4 -16 -76 -8 -44 -60 -44 -36 -44 -52 -48 -52 -48 -40 -4 -40 -40 -40 -36 -12 -8 -8 -28 -28 
-2 -6 -6 -6 -6 -6 -3 -1 -11 -3 -3 -2 -1 -1 -2 -22 -7 -2 -7 -2 -1 -4 -19 -2 -11 -15 -11 -9 -11 -13 -12 -13 -12 -10 -1 -10 -10 -10 -9 -3 -2 -2 -7 -7 
-12 -12 -12 -12 -12 -6 -2 -22 -6 -6 -4 -2 -2 -4 -44 -14 -4 -14 -4 -2 -8 -38 -4 -22 -30 -22 -18 -22 -26 -24 -26 -24 -20 -2 -20 -20 -20 -18 -6 -4 -4 -14 -14 
472 472 472 472 -18 -6 -66 -18 -18 -12 -6 -6 -12 -132 -42 -12 -42 -12 -6 -24 -114 -12 -66 -90 -66 -54 -66 -78 -72 -78 -72 -60 -6 -60 -60 -60 -54 -18 -12 -12 -42 -42 
472 472 472 -18 -6 -66 -18 -18 -12 -6 -6 -12 -132 -42 -12 -42 -12 -6 -24 -114 -12 -66 -90 -66 -54 -66 -78 -72 -78 -72 -60 -6 -60 -60 -60 -54 -18 -12 -12 -42 -42 
472 472 -18 -6 -66 -18 -18 -12 -6 -6 -12 -132 -42 -12 -42 -12 -6 -24 -114 -12 -66 -90 -66 -54 -66 -78 -72 -78 -72 -60 -6 -60 -60 -60 -54 -18 -12 -12 -42 -42 
472 -18 -6 -66 -18 -18 -12 -6 -6 -12 -132 -42 -12 -42 -12 -6 -24 -114 -12 -66 -90 -66 -54 -66 -78 -72 -78 -72 -60 -6 -60 -60 -60 -54 -18 -12 -12 -42 -42 
-18 -6 -66 -18 -18 -12 -6 -6 -12 -132 -42 -12 -42 -12 -6 -24 -114 -12 -66 -90 -66 -54 -66 -78 -72 -78 -72 -60 -6 -60 -60 -60 -54 -18 -12 -12 -42 -42 
-3 -33 -9 -9 -6 -3 -3 -6 -66 -21 -6 -21 502 -3 -12 451 -6 -33 -45 -33 -27 -33 -39 -36 -39 -36 -30 -3 -30 -30 -30 -27 -9 -6 -6 -21 -21 
-11 -3 -3 -2 -1 -1 -2 -22 -7 -2 -7 -2 -1 -4 -19 -2 -11 -15 -11 -9 -11 -13 -12 -13 -12 -10 -1 -10 -10 -10 -9 -3 -2 -2 -7 -7 
475 -33 -22 -11 -11 -22 -242 -77 -22 -77 -22 -11 -44 299 -22 387 -165 -121 -99 -121 365 -132 -143 -132 -110 -11 398 398 398 409 -33 -22 -22 431 -77 
-9 -6 -3 -3 -6 -66 -21 -6 -21 -6 -3 -12 -57 -6 -33 -45 -33 -27 -33 -39 -36 -39 -36 -30 -3 -30 -30 -30 -27 -9 -6 -6 -21 -21 
-6 -3 -3 -6 -66 -21 -6 -21 -6 -3 -12 -57 -6 -33 -45 -33 -27 -33 -39 -36 -39 -36 -30 -3 -30 -30 -30 -27 -9 -6 -6 -21 -21 
-2 -2 -4 -44 -14 -4 -14 -4 -2 -8 -38 -4 -22 -30 -22 -18 -22 -26 -24 -26 -24 -20 -2 -20 -20 -20 -18 -6 -4 -4 -14 -14 
-1 -2 -22 -7 -2 -7 -2 -1 -4 -19 -2 -11 -15 -11 -9 -11 -13 -12 -13 -12 -10 -1 -10 -10 -10 -9 -3 -2 -2 -7 -7 
506 -22 -7 -2 -7 -2 -1 -4 -19 -2 -11 -15 -11 -9 -11 -13 -12 -13 -12 -10 -1 -10 -10 -10 -9 -3 -2 -2 -7 -7 
464 -14 -4 -14 -4 -2 -8 -38 -4 -22 -30 -22 -18 -22 -26 -24 -26 -24 -20 -2 -20 -20 -20 -18 -6 -4 -4 -14 -14 
-154 -44 -154 -44 -22 -88 90 -44 266 178 266 310 266 222 244 222 244 288 -22 288 288 -220 310 -66 464 464 354 354 
494 459 -14 -7 480 375 494 -77 -105 -77 -63 -77 -91 -84 -91 -84 -70 -7 -70 -70 -70 -63 -21 -14 -14 -49 -49 
-14 -4 -2 -8 -38 -4 -22 -30 -22 -18 -22 -26 -24 -26 -24 -20 -2 -20 -20 -20 -18 -6 -4 -4 -14 -14 
494 501 480 375 -14 -77 -105 -77 -63 -77 -91 -84 -91 -84 -70 -7 -70 -70 -70 -63 -21 -14 -14 -49 -49 
-2 -8 -38 -4 -22 -30 -22 -18 -22 -26 -24 -26 -24 -20 -2 -20 -20 -20 -18 -6 -4 -4 -14 -14 
-4 -19 -2 -11 -15 -11 -9 -11 -13 -12 -13 -12 -10 -1 -10 -10 -10 -9 -3 -2 -2 -7 -7 
432 -8 -44 -60 -44 -36 -44 -52 -48 -52 -48 -40 -4 -40 -40 -40 -36 -12 -8 -8 -28 -28 
470 299 223 299 -171 299 261 280 261 280 -190 -19 -190 -190 -190 -171 -57 -38 -38 -133 -133 
-22 -30 -22 -18 -22 -26 -24 -26 -24 -20 -2 -20 -20 -20 -18 -6 -4 -4 -14 -14 
343 387 -99 387 365 376 365 376 -110 497 -110 -110 -110 -99 -33 -22 -22 -77 -77 
343 373 343 313 328 313 328 358 -15 -150 -150 358 -135 -45 -30 -30 -105 403 
409 387 365 376 365 376 398 -11 -110 -110 -110 -99 -33 -22 -22 -77 -77 
409 391 400 391 400 418 -9 -90 -90 -90 -81 -27 -18 -18 -63 -63 
365 376 365 376 398 -11 -110 -110 -110 -99 -33 -22 -22 -77 -77 
352 339 352 378 -13 -130 -130 -130 -117 -39 -26 -26 -91 417 
352 364 388 -12 -120 -120 -120 -108 -36 -24 -24 -84 424 
352 378 -13 -130 -130 -130 -117 -39 -26 -26 -91 417 
388 -12 -120 -120 -120 -108 -36 -24 -24 -84 424 
-10 -100 -100 -100 -90 -30 -20 -20 -70 438 
-10 -10 -10 -9 -3 -2 -2 -7 -7 
408 408 418 -30 -20 -20 438 -70 
408 418 -30 -20 -20 438 -70 
418 -30 -20 -20 438 -70 
-27 -18 -18 445 -63 
-6 -6 -21 -21 
504 -14 -14 
-14 -14 
-49 

