105
858 858 744 834 840 816 -48 -150 -96 -90 -108 -150 -78 -54 -30 -18 -30 -18 -30 -60 -30 -42 -54 -54 -30 -54 -54 -18 -24 -120 -66 -30 -54 -30 -60 -30 -42 -42 -48 -108 -48 -36 -30 -30 -36 -24 -108 -24 -48 -18 -36 -30 -30 -36 -24 -24 -30 -78 -30 -36 -24 -36 -24 -54 -42 -126 -36 -24 -30 -42 -90 -132 -126 -96 -96 -78 -42 -30 -48 -24 -24 -54 -48 -138 -30 -84 -30 -30 -36 -30 -48 -18 -42 -42 -24 -36 -36 -30 -72 -72 -30 -24 -12 -18 
-16 790 -32 854 838 -32 -100 -64 -60 -72 -100 -52 -36 -20 -12 -20 -12 -20 -40 -20 -28 -36 -36 -20 -36 -36 -12 -16 -80 -44 -20 -36 -20 -40 -20 -28 -28 -32 -72 -32 -24 -20 -20 -24 -16 -72 -16 -32 -12 -24 -20 -20 -24 -16 -16 -20 -52 -20 -24 -16 -24 -16 -36 -28 -84 -24 -16 -20 -28 -60 -88 -84 -64 -64 -52 -28 -20 -32 -16 -16 -36 -32 -92 -20 -56 -20 -20 -24 -20 -32 -12 -28 -28 -16 -24 -24 -20 -48 -48 -20 -16 -8 -12 
-92 850 854 -44 850 -100 -64 -60 -72 -100 -52 -36 -20 -12 -20 -12 -20 -40 -20 -28 -36 -36 -20 -36 -36 -12 -16 -80 -44 -20 -36 -20 -40 -20 -28 -28 -32 -72 -32 -24 -20 -20 -24 -16 -72 -16 -32 -12 -24 -20 -20 -24 -16 -16 -20 -52 -20 -24 -16 -24 -16 -36 -28 -84 -24 -16 -20 -28 -60 -88 -84 -64 -64 -52 -28 -20 -32 -16 -16 -36 -32 -92 -20 -56 -20 -20 -24 -20 -32 -12 -28 -28 -16 -24 -24 -20 -48 -48 -20 -16 -8 -12 
-184 721 -253 -184 307 514 537 468 307 583 675 767 813 767 813 767 652 767 721 675 675 767 675 675 -69 -92 -460 -253 -115 -207 -115 -230 -115 -161 -161 -184 -414 -184 -138 -115 -115 -138 -92 -414 -92 -184 -69 -138 -115 -115 -138 -92 -92 -115 -299 -115 -138 -92 -138 -92 -207 -161 -483 -138 -92 -115 -161 -345 -506 -483 -368 -368 -299 -161 -115 -184 -92 -92 -207 -184 -529 -115 -322 -115 -115 -138 -115 -184 -69 -161 -161 -92 -138 -138 -115 -276 -276 -115 -92 -46 -69 
826 794 -64 -200 -128 -120 -144 -200 -104 -72 -40 -24 -40 -24 -40 -80 -40 -56 -72 -72 -40 -72 -72 858 850 722 794 -40 -72 -40 -80 -40 -56 -56 -64 -144 -64 -48 -40 -40 -48 -32 -144 -32 -64 -24 -48 -40 -40 -48 -32 -32 -40 -104 -40 -48 -32 -48 -32 -72 -56 -168 -48 -32 -40 -56 -120 -176 -168 -128 -128 -104 -56 -40 -64 -32 -32 -72 -64 -184 -40 -112 -40 -40 -48 -40 -64 -24 -56 -56 -32 -48 -48 -40 -96 -96 -40 -32 -16 -24 
805 826 -175 -112 -105 -126 -175 -91 -63 -35 -21 -35 -21 -35 -70 -35 -49 -63 -63 -35 -63 -63 -21 -28 -140 -77 -35 -63 -35 -70 -35 -49 -49 -56 -126 -56 -42 -35 -35 -42 -28 -126 -28 -56 -21 -42 -35 -35 -42 -28 -28 -35 -91 -35 -42 -28 -42 -28 -63 -49 -147 -42 -28 -35 -49 -105 -154 -147 -112 -112 -91 -49 -35 -56 -28 -28 -63 -56 -161 -35 -98 -35 -35 -42 -35 -56 -21 -49 -49 -28 -42 -42 -35 -84 -84 -35 -28 -14 -21 
794 -275 -176 717 -198 607 -143 -99 -55 -33 -55 849 -55 -110 -55 805 -99 -99 827 -99 -99 -33 838 -220 -121 -55 -99 -55 -110 -55 -77 -77 -88 -198 -88 -66 -55 -55 -66 -44 -198 -44 -88 -33 -66 -55 -55 -66 -44 -44 -55 -143 -55 -66 -44 -66 -44 -99 -77 -231 -66 -44 -55 -77 -165 -242 -231 -176 -176 -143 -77 -55 -88 -44 -44 -99 -88 -253 -55 -154 -55 -55 -66 -55 -88 -33 -77 -77 -44 -66 -66 -55 -132 -132 -55 -44 -22 -33 
-200 -128 -120 -144 -200 -104 810 -40 -24 -40 -24 -40 -80 -40 -56 -72 -72 -40 -72 -72 -24 -32 722 -88 -40 -72 -40 -80 -40 -56 -56 -64 -144 -64 -48 -40 -40 -48 -32 -144 -32 -64 -24 -48 -40 -40 -48 -32 -32 -40 778 -40 -48 -32 -48 -32 -72 -56 -168 -48 -32 -40 -56 762 -176 -168 -128 -128 -104 -56 -40 -64 -32 -32 -72 -64 -184 842 -112 -40 -40 -48 -40 -64 -24 -56 -56 -32 -48 -48 -40 -96 -96 -40 -32 -16 -24 
482 507 432 257 557 657 -125 -75 -125 -75 -125 632 757 707 657 657 -125 657 657 -75 -100 -500 -275 757 657 -125 632 -125 707 -175 -200 432 682 732 757 757 732 782 -450 -100 -200 -75 -150 -125 -125 -150 -100 -100 -125 -325 -125 -150 -100 -150 -100 -225 -175 -525 -150 -100 -125 -175 -375 -550 -525 -400 -400 -325 -175 -125 -200 -100 -100 -225 -200 -575 -125 -350 -125 -125 -150 -125 -200 -75 -175 -175 -100 -150 -150 -125 -300 -300 -125 -100 -50 -75 
-240 594 482 -208 738 -80 -48 -80 -48 -80 722 -80 -112 -144 738 -80 -144 738 -48 -64 -320 -176 -80 -144 -80 -160 -80 -112 -112 -128 -288 754 -96 -80 -80 786 -64 594 818 754 834 786 802 -80 -96 -64 -64 -80 -208 -80 -96 -64 -96 -64 -144 -112 -336 -96 -64 -80 -112 -240 -352 -336 -256 -256 -208 -112 -80 -128 -64 -64 -144 -128 -368 -80 -224 -80 -80 -96 -80 -128 -48 -112 -112 -64 -96 -96 -80 -192 -192 -80 -64 -32 -48 
612 507 -195 -135 807 837 -75 -45 807 -150 807 -105 -135 -135 -75 -135 -135 -45 -60 -300 -165 -75 747 -75 732 -75 777 777 762 -270 -120 -90 -75 -75 -90 -60 -270 -60 -120 -45 -90 -75 -75 -90 822 -60 -75 -195 -75 -90 -60 -90 -60 -135 -105 -315 -90 -60 -75 -105 -225 -330 -315 -240 -240 -195 -105 -75 -120 -60 -60 -135 -120 -345 -75 -210 -75 -75 -90 -75 -120 -45 -105 -105 -60 -90 -90 -75 -180 -180 -75 -60 -30 -45 
432 648 720 -90 -54 792 -54 -90 702 792 756 -162 -162 -90 720 720 -54 810 -360 -198 -90 -162 -90 -180 -90 -126 -126 -144 -324 -144 -108 -90 -90 774 -72 558 -72 -144 828 -108 -90 -90 -108 -72 810 -90 -234 -90 -108 -72 -108 -72 -162 -126 -378 -108 -72 -90 -126 -270 -396 -378 -288 -288 -234 -126 -90 -144 -72 -72 -162 -144 -414 -90 -252 -90 -90 -108 -90 -144 -54 -126 -126 -72 -108 -108 -90 -216 -216 -90 -72 -36 -54 
557 657 757 -75 757 807 -125 -250 -125 -175 657 657 -125 -225 -225 -75 -100 -500 -275 757 657 -125 -250 757 -175 707 682 432 682 -150 -125 757 -150 782 432 -100 -200 -75 -150 -125 -125 732 782 -100 -125 -325 -125 -150 -100 -150 -100 -225 -175 -525 -150 -100 -125 -175 -375 -550 -525 -400 -400 -325 -175 -125 -200 -100 -100 -225 -200 -575 -125 -350 -125 -125 -150 -125 -200 -75 -175 -175 -100 -150 -150 -125 -300 -300 -125 -100 -50 -75 
-117 -65 -39 817 -39 -65 -130 -65 -91 -117 -117 -65 -117 -117 -39 830 -260 -143 817 -117 -65 -130 -65 -91 -91 -104 648 -104 804 817 817 -78 -52 648 -52 -104 -39 -78 -65 -65 -78 -52 -52 817 -169 -65 -78 -52 -78 -52 -117 -91 -273 -78 -52 -65 -91 -195 -286 -273 -208 -208 -169 -91 -65 -104 -52 -52 -117 -104 -299 -65 -182 -65 -65 -78 -65 -104 -39 -91 -91 -52 -78 -78 -65 -156 -156 -65 -52 -26 -39 
-45 -27 -45 -27 -45 -90 -45 -63 -81 -81 837 801 -81 -27 -36 -180 -99 -45 -81 -45 -90 -45 -63 -63 -72 -162 -72 -54 -45 -45 -54 -36 -162 -36 -72 -27 -54 -45 -45 -54 -36 -36 -45 765 -45 -54 -36 -54 -36 -81 -63 -189 -54 -36 -45 -63 -135 -198 -189 -144 -144 -117 -63 -45 -72 -36 -36 -81 -72 -207 -45 -126 -45 -45 -54 -45 -72 -27 -63 -63 -36 -54 -54 -45 -108 -108 -45 -36 -18 -27 
867 -25 -15 -25 -50 -25 -35 -45 -45 -25 -45 -45 -15 -20 -100 -55 -25 -45 -25 -50 -25 -35 -35 -40 -90 -40 -30 -25 -25 -30 -20 -90 -20 -40 -15 -30 -25 -25 -30 862 -20 -25 -65 -25 -30 -20 -30 -20 -45 -35 -105 -30 -20 -25 -35 -75 -110 -105 -80 -80 -65 -35 -25 -40 -20 -20 -45 -40 -115 -25 -70 -25 -25 -30 -25 -40 -15 -35 -35 -20 -30 -30 -25 -60 -60 -25 -20 -10 -15 
-15 -9 -15 -30 -15 -21 -27 -27 -15 -27 -27 -9 -12 -60 -33 -15 -27 -15 -30 -15 -21 -21 -24 -54 -24 -18 -15 -15 -18 -12 -54 -12 -24 -9 -18 -15 -15 -18 -12 -12 -15 -39 -15 -18 -12 -18 -12 -27 -21 -63 -18 -12 -15 -21 -45 -66 -63 -48 -48 -39 -21 -15 -24 -12 -12 -27 -24 -69 -15 -42 -15 -15 -18 -15 -24 -9 -21 -21 -12 -18 -18 -15 -36 -36 -15 -12 -6 -9 
-15 -25 -50 -25 -35 -45 -45 -25 -45 -45 -15 -20 -100 -55 -25 -45 -25 -50 -25 -35 -35 -40 -90 -40 -30 -25 -25 -30 -20 792 -20 -40 -15 -30 -25 -25 -30 -20 -20 -25 -65 -25 -30 -20 -30 -20 -45 -35 -105 -30 -20 -25 -35 -75 -110 -105 -80 -80 -65 -35 -25 -40 -20 -20 -45 -40 -115 -25 -70 -25 -25 -30 -25 -40 -15 -35 -35 -20 -30 -30 -25 -60 -60 -25 -20 -10 -15 
-15 -30 -15 -21 -27 -27 -15 -27 -27 -9 -12 -60 -33 -15 -27 -15 -30 -15 -21 -21 -24 -54 -24 -18 -15 -15 -18 -12 -54 -12 -24 -9 -18 -15 -15 -18 -12 -12 -15 -39 -15 -18 -12 -18 -12 -27 -21 -63 -18 -12 -15 -21 -45 -66 -63 -48 -48 -39 -21 -15 -24 -12 -12 -27 -24 -69 -15 -42 -15 -15 -18 -15 -24 -9 -21 -21 -12 -18 -18 -15 -36 -36 -15 -12 -6 -9 
-50 -25 -35 -45 -45 -25 -45 -45 -15 -20 -100 -55 -25 -45 -25 -50 -25 -35 -35 -40 -90 -40 -30 -25 -25 -30 -20 -90 -20 -40 -15 -30 -25 -25 -30 862 862 -25 -65 -25 -30 -20 -30 -20 -45 -35 -105 -30 -20 -25 -35 -75 -110 -105 -80 -80 -65 847 -25 -40 -20 -20 -45 -40 -115 -25 -70 -25 -25 -30 -25 -40 -15 -35 -35 -20 -30 -30 -25 -60 -60 -25 -20 -10 -15 
-50 -70 -90 792 -50 -90 -90 -30 -40 -200 -110 -50 -90 -50 -100 -50 -70 -70 -80 702 -80 -60 -50 -50 -60 -40 -180 842 802 -30 -60 -50 832 -60 -40 -40 832 -130 -50 -60 -40 -60 -40 -90 -70 -210 -60 -40 -50 -70 -150 -220 -210 -160 -160 -130 -70 -50 -80 -40 -40 -90 -80 -230 -50 -140 -50 -50 -60 -50 -80 -30 -70 -70 -40 -60 -60 -50 -120 -120 -50 -40 -20 -30 
-35 837 -45 -25 -45 -45 -15 -20 -100 -55 -25 -45 -25 -50 -25 -35 -35 -40 -90 -40 -30 -25 -25 -30 -20 -90 -20 -40 -15 -30 -25 -25 -30 -20 -20 -25 -65 -25 -30 -20 -30 -20 -45 -35 -105 -30 -20 -25 -35 -75 -110 -105 -80 -80 -65 -35 -25 -40 -20 -20 -45 -40 -115 -25 -70 -25 -25 -30 -25 -40 -15 -35 -35 -20 -30 -30 -25 -60 -60 -25 -20 -10 -15 
-63 -63 847 -63 -63 -21 -28 -140 -77 -35 -63 -35 -70 -35 -49 -49 -56 756 -56 -42 -35 -35 -42 -28 -126 -28 -56 -21 -42 847 -35 -42 -28 -28 -35 -91 -35 -42 -28 -42 -28 -63 -49 -147 -42 -28 -35 -49 -105 -154 -147 -112 -112 -91 -49 -35 -56 -28 -28 -63 -56 -161 -35 -98 -35 -35 -42 -35 -56 -21 -49 -49 -28 -42 -42 -35 -84 -84 -35 -28 -14 -21 
-81 -45 -81 801 -27 -36 -180 -99 837 801 -45 -90 -45 -63 -63 -72 -162 -72 -54 -45 -45 -54 -36 720 -36 -72 -27 -54 -45 -45 828 -36 -36 -45 -117 -45 -54 -36 -54 -36 -81 -63 -189 -54 -36 -45 -63 -135 -198 -189 -144 -144 -117 -63 -45 -72 -36 -36 -81 -72 -207 -45 -126 -45 -45 -54 -45 -72 -27 -63 -63 -36 -54 -54 -45 -108 -108 -45 -36 -18 -27 
-45 801 -81 -27 -36 -180 -99 -45 -81 -45 -90 -45 -63 -63 -72 720 -72 -54 -45 -45 -54 -36 720 -36 -72 -27 -54 -45 837 -54 -36 -36 -45 -117 -45 -54 -36 -54 -36 -81 -63 -189 -54 -36 -45 -63 -135 -198 -189 -144 -144 -117 -63 -45 -72 -36 -36 -81 -72 -207 -45 -126 -45 -45 -54 -45 -72 -27 -63 -63 -36 -54 -54 -45 -108 -108 -45 -36 -18 -27 
-45 -45 -15 -20 -100 -55 -25 -45 -25 -50 -25 -35 -35 -40 792 -40 -30 -25 -25 -30 -20 -90 -20 -40 -15 -30 -25 -25 -30 -20 -20 -25 -65 -25 -30 -20 -30 -20 -45 -35 -105 -30 -20 -25 -35 -75 -110 -105 -80 -80 -65 -35 -25 -40 -20 -20 -45 -40 -115 -25 -70 -25 -25 -30 -25 -40 -15 -35 -35 -20 -30 -30 -25 -60 -60 -25 -20 -10 -15 
-81 -27 -36 -180 -99 -45 -81 -45 -90 -45 -63 -63 -72 720 -72 -54 -45 -45 828 -36 720 -36 -72 -27 -54 -45 837 -54 -36 -36 -45 -117 -45 -54 -36 -54 -36 -81 -63 -189 -54 -36 -45 -63 -135 -198 -189 -144 -144 -117 -63 -45 -72 -36 -36 -81 -72 -207 -45 -126 -45 -45 -54 -45 -72 -27 -63 -63 -36 -54 -54 -45 -108 -108 -45 -36 -18 -27 
-27 -36 -180 -99 -45 -81 -45 -90 -45 -63 -63 -72 720 810 -54 -45 -45 -54 -36 720 -36 -72 -27 -54 -45 -45 828 -36 -36 -45 -117 -45 -54 -36 -54 -36 -81 -63 -189 -54 -36 -45 -63 -135 -198 -189 -144 -144 -117 -63 -45 -72 -36 -36 -81 -72 -207 -45 -126 -45 -45 -54 -45 -72 -27 -63 -63 -36 -54 -54 -45 -108 -108 -45 -36 -18 -27 
-12 -60 -33 -15 -27 -15 -30 -15 -21 -21 -24 -54 -24 -18 -15 -15 -18 -12 -54 -12 -24 -9 -18 -15 -15 -18 -12 -12 -15 -39 -15 -18 -12 -18 -12 -27 -21 819 -18 -12 -15 -21 -45 816 -63 -48 -48 -39 -21 -15 -24 -12 -12 -27 -24 -69 -15 -42 -15 -15 -18 -15 -24 -9 -21 -21 -12 -18 -18 -15 -36 -36 -15 -12 -6 -9 
-80 -44 -20 -36 -20 -40 -20 -28 -28 -32 -72 -32 -24 -20 -20 -24 -16 -72 -16 -32 -12 -24 -20 -20 -24 -16 -16 -20 -52 -20 -24 -16 -24 -16 -36 -28 -84 -24 -16 -20 -28 -60 -88 -84 -64 -64 -52 -28 -20 -32 -16 -16 -36 -32 -92 -20 -56 -20 -20 -24 -20 -32 -12 -28 -28 -16 -24 -24 -20 -48 -48 -20 -16 -8 -12 
662 -100 -180 -100 -200 -100 -140 -140 -160 -360 -160 -120 -100 -100 -120 -80 -360 -80 -160 -60 -120 -100 -100 -120 -80 -80 -100 622 -100 -120 -80 -120 -80 -180 -140 462 762 -80 -100 742 -300 -440 462 562 562 622 742 -100 722 802 -80 702 722 422 -100 602 -100 -100 -120 -100 -160 -60 742 -140 -80 -120 -120 -100 642 -240 -100 -80 -40 -60 
-55 -99 -55 -110 -55 -77 -77 -88 -198 -88 -66 -55 -55 -66 -44 -198 -44 794 -33 -66 -55 -55 -66 -44 -44 -55 -143 -55 -66 -44 -66 -44 -99 -77 -231 -66 -44 -55 -77 -165 -242 651 706 706 739 805 827 -88 -44 -44 783 -88 -253 -55 -154 -55 -55 -66 -55 794 -33 -77 -77 -44 -66 -66 -55 -132 -132 -55 -44 -22 -33 
837 -25 -50 -25 -35 -35 -40 -90 -40 -30 -25 -25 -30 -20 -90 -20 -40 -15 -30 -25 -25 -30 -20 -20 -25 -65 -25 -30 -20 -30 -20 -45 -35 -105 -30 -20 -25 -35 -75 -110 -105 -80 -80 -65 -35 -25 -40 -20 -20 -45 -40 -115 -25 -70 -25 -25 -30 -25 -40 -15 -35 -35 -20 -30 -30 -25 -60 -60 -25 -20 -10 -15 
-45 -90 -45 819 819 810 -162 -72 -54 -45 -45 -54 -36 720 -36 -72 -27 -54 -45 -45 -54 -36 -36 -45 -117 -45 -54 -36 -54 -36 -81 -63 -189 -54 -36 -45 -63 -135 -198 -189 -144 -144 -117 -63 -45 -72 -36 -36 -81 -72 -207 -45 -126 -45 -45 -54 -45 -72 -27 -63 -63 -36 -54 -54 -45 -108 -108 -45 -36 -18 -27 
832 857 847 847 842 -90 -40 -30 -25 -25 -30 -20 -90 -20 -40 -15 -30 -25 -25 -30 -20 -20 -25 -65 -25 -30 -20 -30 -20 -45 -35 -105 -30 -20 -25 -35 -75 -110 -105 -80 -80 -65 -35 -25 -40 -20 -20 -45 -40 -115 -25 -70 -25 -25 -30 -25 -40 -15 -35 -35 -20 -30 -30 -25 -60 -60 -25 -20 -10 -15 
832 812 812 802 702 -80 -60 832 832 -60 -40 -180 -40 -80 -30 -60 -50 -50 -60 -40 -40 -50 -130 -50 -60 -40 -60 -40 -90 -70 -210 -60 -40 -50 -70 -150 -220 -210 -160 -160 -130 -70 -50 -80 -40 -40 -90 -80 -230 -50 -140 -50 -50 -60 -50 -80 -30 -70 -70 -40 -60 -60 -50 -120 -120 -50 -40 -20 -30 
-35 -35 -40 -90 842 -30 -25 -25 -30 -20 792 -20 -40 -15 -30 -25 -25 -30 -20 -20 -25 -65 -25 -30 -20 -30 -20 -45 -35 -105 -30 -20 -25 -35 -75 -110 -105 -80 -80 -65 -35 -25 -40 -20 -20 -45 -40 -115 -25 -70 -25 -25 -30 -25 -40 -15 -35 -35 -20 -30 -30 -25 -60 -60 -25 -20 -10 -15 
833 -56 -126 -56 -42 -35 -35 -42 -28 756 -28 -56 -21 -42 -35 -35 -42 -28 -28 -35 -91 -35 -42 -28 -42 -28 -63 -49 -147 -42 -28 -35 -49 -105 -154 -147 -112 -112 -91 -49 -35 -56 -28 -28 -63 -56 -161 -35 -98 -35 -35 -42 -35 -56 -21 -49 -49 -28 -42 -42 -35 -84 -84 -35 -28 -14 -21 
826 -126 -56 -42 -35 -35 -42 -28 -126 -28 -56 -21 -42 -35 -35 -42 -28 -28 -35 -91 -35 -42 -28 -42 -28 -63 -49 -147 -42 -28 -35 -49 -105 -154 -147 -112 -112 -91 -49 -35 -56 -28 -28 -63 -56 -161 -35 -98 -35 -35 -42 -35 -56 -21 -49 -49 -28 -42 -42 -35 -84 -84 -35 -28 -14 -21 
738 -64 834 -40 -40 -48 -32 -144 -32 -64 -24 -48 -40 -40 -48 -32 -32 -40 -104 -40 -48 -32 -48 -32 -72 -56 -168 -48 -32 -40 -56 -120 -176 -168 -128 -128 -104 -56 -40 -64 -32 -32 -72 -64 -184 -40 -112 -40 -40 -48 -40 -64 -24 -56 -56 -32 -48 -48 -40 -96 -96 -40 -32 -16 -24 
738 774 -90 792 774 -72 558 -72 -144 -54 -108 -90 792 774 -72 -72 -90 -234 -90 -108 -72 -108 -72 -162 -126 -378 -108 -72 -90 -126 -270 -396 -378 -288 -288 -234 -126 -90 -144 -72 -72 -162 -144 -414 -90 -252 -90 -90 -108 -90 -144 -54 -126 -126 -72 -108 -108 -90 -216 -216 -90 -72 -36 -54 
-48 -40 -40 -48 -32 738 -32 -64 -24 -48 -40 -40 834 -32 -32 -40 -104 -40 -48 -32 -48 -32 -72 -56 -168 -48 -32 -40 -56 -120 -176 -168 -128 -128 -104 -56 -40 -64 -32 -32 -72 -64 -184 -40 -112 -40 -40 -48 -40 -64 -24 -56 -56 -32 -48 -48 -40 -96 -96 -40 -32 -16 -24 
852 -30 -36 -24 774 -24 -48 -18 -36 -30 -30 -36 -24 -24 -30 -78 -30 -36 -24 -36 -24 -54 -42 -126 -36 -24 -30 -42 -90 -132 -126 -96 -96 -78 -42 -30 -48 -24 -24 -54 -48 -138 -30 -84 -30 -30 -36 -30 -48 -18 -42 -42 -24 -36 -36 -30 -72 -72 -30 -24 -12 -18 
-25 -30 -20 -90 -20 -40 -15 -30 -25 -25 -30 -20 862 -25 -65 -25 -30 -20 -30 -20 -45 -35 -105 -30 -20 -25 -35 -75 -110 -105 -80 -80 -65 -35 -25 -40 -20 -20 -45 -40 -115 -25 -70 -25 -25 -30 -25 -40 -15 -35 -35 -20 -30 -30 -25 -60 -60 -25 -20 -10 -15 
-30 -20 -90 -20 -40 -15 -30 -25 -25 -30 -20 -20 -25 -65 -25 -30 -20 -30 -20 -45 -35 -105 -30 -20 -25 -35 -75 -110 -105 -80 -80 -65 -35 -25 -40 -20 -20 -45 -40 -115 -25 -70 -25 -25 -30 -25 -40 -15 -35 -35 -20 -30 -30 -25 -60 -60 -25 -20 -10 -15 
-24 774 -24 -48 -18 -36 -30 -30 -36 -24 -24 -30 -78 -30 -36 -24 -36 -24 -54 -42 -126 -36 -24 -30 -42 -90 -132 -126 -96 -96 -78 -42 -30 -48 -24 -24 -54 -48 -138 -30 -84 -30 -30 -36 -30 -48 -18 -42 -42 -24 -36 -36 -30 -72 -72 -30 -24 -12 -18 
810 -16 -32 -12 -24 -20 -20 -24 -16 -16 -20 -52 -20 -24 -16 -24 -16 -36 -28 -84 -24 -16 -20 -28 -60 -88 -84 -64 -64 -52 -28 -20 -32 -16 -16 -36 -32 -92 -20 -56 -20 -20 -24 -20 -32 -12 -28 -28 -16 -24 -24 -20 -48 -48 -20 866 -8 -12 
-72 -144 -54 -108 -90 -90 774 -72 -72 -90 -234 -90 -108 -72 -108 -72 -162 -126 -378 -108 -72 -90 -126 -270 -396 -378 -288 -288 -234 -126 -90 -144 -72 -72 -162 -144 -414 -90 -252 -90 -90 -108 -90 -144 -54 -126 -126 -72 -108 -108 -90 -216 -216 -90 -72 -36 -54 
850 -12 -24 -20 -20 -24 -16 -16 862 -52 -20 -24 -16 -24 -16 -36 -28 -84 -24 -16 -20 -28 -60 -88 -84 -64 -64 -52 -28 -20 -32 -16 -16 -36 -32 -92 -20 -56 -20 -20 -24 -20 -32 -12 -28 -28 -16 -24 -24 -20 -48 -48 -20 -16 -8 -12 
-24 -48 -40 -40 -48 -32 -32 842 778 -40 -48 -32 -48 -32 -72 -56 -168 -48 -32 -40 -56 -120 706 -168 -128 -128 778 -56 -40 -64 -32 -32 -72 -64 -184 -40 -112 -40 -40 -48 -40 -64 -24 -56 -56 -32 -48 -48 -40 -96 -96 -40 -32 -16 -24 
-18 -15 -15 -18 -12 -12 -15 843 -15 -18 -12 -18 -12 -27 -21 -63 -18 -12 -15 -21 -45 -66 -63 -48 -48 -39 -21 -15 -24 -12 -12 -27 -24 -69 -15 -42 -15 -15 -18 -15 -24 -9 -21 -21 -12 -18 -18 -15 -36 -36 -15 -12 -6 -9 
852 -30 -36 -24 -24 -30 804 -30 -36 -24 -36 -24 828 840 -126 -36 -24 852 -42 -90 -132 -126 -96 -96 -78 -42 -30 -48 -24 -24 -54 -48 -138 -30 -84 -30 -30 -36 -30 -48 -18 -42 -42 -24 -36 -36 -30 -72 -72 -30 -24 -12 -18 
-25 -30 -20 -20 -25 817 -25 -30 -20 -30 -20 837 -35 -105 -30 -20 -25 -35 -75 -110 -105 -80 -80 -65 -35 -25 -40 -20 -20 -45 -40 -115 -25 -70 -25 -25 -30 -25 -40 -15 -35 -35 -20 -30 -30 -25 -60 -60 -25 -20 -10 -15 
-30 -20 -20 -25 -65 -25 -30 -20 -30 -20 -45 -35 -105 -30 -20 -25 -35 -75 -110 -105 -80 -80 817 -35 -25 -40 -20 -20 -45 -40 -115 -25 -70 -25 -25 -30 -25 -40 -15 -35 -35 -20 -30 -30 -25 -60 -60 -25 -20 -10 -15 
-24 -24 -30 -78 -30 -36 -24 -36 -24 -54 -42 -126 -36 -24 -30 -42 -90 -132 -126 -96 -96 -78 -42 -30 -48 -24 -24 -54 -48 -138 -30 -84 -30 -30 -36 -30 -48 -18 -42 -42 -24 -36 -36 -30 -72 -72 -30 -24 -12 -18 
-16 -20 -52 -20 -24 -16 -24 -16 -36 -28 -84 -24 -16 -20 -28 -60 -88 -84 -64 -64 -52 -28 -20 -32 -16 -16 -36 -32 -92 -20 -56 -20 -20 -24 -20 -32 -12 -28 -28 -16 -24 -24 -20 -48 -48 -20 -16 -8 -12 
862 -52 -20 -24 -16 -24 -16 -36 -28 -84 -24 -16 -20 -28 -60 -88 -84 -64 -64 -52 -28 -20 -32 -16 -16 -36 -32 -92 -20 -56 -20 -20 -24 -20 -32 -12 -28 -28 -16 -24 -24 -20 -48 -48 -20 -16 -8 -12 
-65 -25 -30 -20 -30 -20 -45 -35 -105 -30 -20 -25 -35 -75 -110 -105 -80 -80 -65 -35 -25 -40 -20 -20 -45 -40 -115 -25 -70 -25 -25 -30 -25 -40 -15 -35 -35 -20 -30 -30 -25 -60 -60 -25 -20 -10 -15 
-65 -78 -52 -78 -52 765 791 -273 -78 830 817 -91 -195 -286 -273 -208 -208 -169 791 -65 -104 -52 -52 -117 -104 -299 817 -182 -65 -65 -78 -65 -104 -39 -91 -91 -52 -78 -78 -65 -156 -156 -65 -52 -26 -39 
852 862 852 862 -45 -35 -105 -30 -20 -25 -35 -75 -110 -105 -80 -80 -65 -35 -25 -40 -20 -20 -45 -40 -115 -25 -70 -25 -25 -30 -25 -40 -15 -35 -35 -20 -30 -30 -25 822 -60 -25 -20 -10 -15 
-24 846 858 -54 -42 -126 -36 -24 -30 -42 -90 -132 -126 -96 -96 -78 -42 -30 -48 -24 -24 -54 -48 744 -30 798 -30 -30 -36 -30 -48 -18 -42 -42 -24 -36 -36 -30 810 -72 -30 -24 -12 -18 
-24 -16 -36 -28 -84 -24 -16 -20 -28 -60 -88 -84 -64 -64 -52 -28 -20 -32 -16 -16 -36 -32 -92 -20 826 -20 -20 -24 -20 -32 -12 -28 -28 866 -24 -24 -20 -48 -48 862 -16 -8 -12 
858 -54 -42 -126 -36 -24 -30 -42 -90 -132 -126 -96 -96 -78 -42 -30 -48 -24 -24 -54 -48 744 -30 -84 -30 -30 -36 -30 -48 -18 -42 -42 -24 -36 -36 -30 810 810 -30 -24 -12 -18 
-36 -28 -84 -24 -16 -20 -28 -60 -88 -84 -64 -64 -52 -28 -20 -32 -16 -16 -36 -32 -92 -20 -56 -20 -20 -24 -20 -32 -12 -28 -28 -16 -24 -24 -20 834 -48 -20 -16 -8 -12 
819 693 828 846 837 819 -135 -198 -189 -144 -144 -117 -63 -45 -72 -36 -36 -81 -72 -207 -45 -126 -45 -45 -54 -45 -72 -27 -63 -63 -36 -54 -54 -45 -108 -108 -45 -36 -18 -27 
-147 840 854 847 -49 -105 -154 -147 -112 -112 -91 -49 -35 -56 -28 -28 -63 -56 -161 847 -98 -35 -35 -42 -35 -56 -21 -49 -49 -28 -42 -42 -35 -84 -84 -35 -28 -14 -21 
756 -84 -105 735 -315 420 441 546 -336 609 -147 -105 -168 798 -84 -189 -168 399 777 588 -105 777 756 777 -168 -63 735 -147 -84 756 756 -105 630 630 -105 -84 -42 -63 
-24 -30 -42 -90 -132 -126 -96 -96 -78 -42 -30 -48 -24 -24 -54 -48 -138 -30 -84 -30 -30 -36 -30 -48 -18 -42 -42 -24 -36 -36 -30 -72 -72 -30 -24 870 864 
-20 -28 822 -88 -84 -64 -64 -52 -28 -20 -32 -16 -16 -36 -32 -92 -20 -56 -20 -20 -24 -20 -32 -12 -28 -28 -16 -24 -24 -20 -48 -48 -20 -16 -8 -12 
-35 -75 -110 -105 -80 -80 -65 -35 -25 -40 -20 -20 -45 -40 -115 -25 -70 -25 -25 -30 -25 -40 -15 -35 -35 -20 -30 -30 -25 -60 -60 -25 -20 -10 867 
777 728 -147 -112 770 -91 -49 -35 -56 -28 -28 -63 -56 -161 -35 -98 -35 -35 -42 847 -56 -21 -49 -49 -28 -42 -42 -35 -84 -84 -35 -28 -14 -21 
552 567 642 642 687 777 807 762 822 822 747 762 -345 -75 -210 -75 -75 -90 -75 -120 -45 -105 -105 -60 -90 -90 -75 -180 -180 -75 -60 -30 -45 
420 530 530 596 -154 772 706 794 -88 684 -176 376 772 574 772 772 750 772 706 816 -154 -154 -88 -132 -132 -110 -264 -264 -110 -88 -44 -66 
546 546 -273 -147 -105 -168 -84 -84 693 714 399 -105 588 -105 -105 756 -105 -168 819 735 735 798 756 756 777 630 630 -105 -84 -42 -63 
626 -208 -112 802 754 -64 -64 738 -128 514 -80 -224 802 802 -96 -80 754 -48 -112 -112 -64 -96 -96 802 690 -192 -80 -64 -32 -48 
674 770 802 754 -64 -64 738 754 514 -80 -224 -80 -80 -96 -80 754 834 -112 -112 -64 -96 -96 -80 -192 -192 -80 -64 -32 -48 
791 -65 -104 -52 -52 765 778 583 -65 700 -65 -65 -78 -65 -104 -39 -91 -91 -52 -78 -78 -65 -156 -156 -65 -52 -26 -39 
-35 -56 -28 -28 -63 -56 -161 -35 -98 -35 -35 -42 -35 -56 -21 -49 -49 -28 -42 -42 -35 -84 -84 -35 -28 -14 -21 
-40 -20 -20 -45 -40 -115 -25 -70 -25 -25 -30 -25 -40 -15 -35 -35 -20 -30 -30 -25 -60 -60 -25 -20 -10 -15 
-32 -32 -72 -64 698 -40 -112 -40 -40 -48 -40 818 -24 -56 -56 -32 -48 -48 -40 -96 786 -40 -32 -16 -24 
-16 -36 -32 -92 -20 -56 -20 -20 -24 -20 -32 -12 -28 -28 -16 -24 -24 -20 -48 -48 -20 -16 -8 -12 
-36 -32 790 -20 826 -20 -20 -24 -20 -32 -12 -28 -28 -16 -24 858 -20 -48 -48 -20 -16 -8 -12 
-72 675 -45 -126 -45 -45 -54 -45 -72 -27 -63 -63 -36 -54 -54 -45 -108 -108 -45 -36 -18 -27 
698 -40 -112 842 -40 -48 -40 -64 -24 -56 -56 -32 -48 -48 -40 -96 786 -40 -32 -16 -24 
-115 560 767 767 744 -115 -184 -69 -161 721 -92 744 744 -115 606 606 767 -92 -46 -69 
-70 -25 -25 -30 -25 -40 -15 -35 -35 -20 -30 -30 -25 -60 -60 -25 -20 -10 -15 
-70 -70 798 -70 -112 -42 784 -98 -56 -84 798 -70 -168 714 812 -56 -28 -42 
-25 -30 -25 -40 -15 -35 -35 -20 -30 -30 857 -60 -60 -25 -20 -10 -15 
852 -25 -40 -15 -35 -35 -20 -30 -30 -25 -60 -60 -25 -20 -10 -15 
-30 -48 -18 -42 -42 -24 -36 -36 -30 -72 -72 -30 -24 -12 -18 
842 -15 -35 -35 -20 -30 -30 -25 822 -60 -25 -20 -10 -15 
-24 -56 -56 -32 -48 -48 842 -96 786 -40 -32 -16 -24 
-21 -21 -12 -18 -18 -15 -36 -36 -15 -12 -6 -9 
833 -28 -42 -42 -35 798 -84 -35 854 -14 -21 
854 840 -42 -35 -84 -84 847 854 -14 -21 
-24 -24 -20 -48 -48 -20 866 -8 -12 
846 -30 -72 810 -30 -24 -12 -18 
-30 -72 -72 -30 -24 -12 -18 
-60 822 -25 -20 -10 -15 
738 -60 -48 -24 -36 
822 -48 -24 -36 
-20 -10 -15 
-8 -12 
876 

